  3.2167162e+001
 -5.9909781e-002
  2.0508851e-002
  2.5136846e-001
  1.7041990e-001
  3.9305779e-002
  4.5816763e-001
 -1.8586525e-001
 -2.3716800e-001
  1.1849922e-001
 -7.2212991e-002
 -2.1108494e-001
  3.5597591e-001
  1.1470290e-001
  3.1986859e-001
 -5.3347367e-003
  4.9817391e-001
  4.1599615e-001
 -2.0974742e-001
  8.1918342e-002
 -2.7763843e-001
  7.4969843e-002
  3.9119501e-001
 -4.1349960e-001
  2.5894255e-001
 -5.6084766e-001
 -1.1112755e-001
  2.2988377e-001
  2.9778545e-001
  2.1537306e-001
 -3.7967407e-001
  4.8105385e-002
 -3.5873713e-002
 -2.0741020e-001
  3.6458494e-001
  1.2858068e-001
  2.8619211e-001
 -1.7387053e-001
  1.7057295e-001
 -3.0265696e-001
 -2.9548770e-001
 -6.0991207e-002
 -1.4197874e-001
  4.3448231e-001
  1.4240455e-001
 -3.6603228e-002
  7.3057385e-003
 -1.9319686e-001
  1.8988940e-001
 -1.9737574e-001
 -1.1707766e-001
  3.5499413e-002
 -2.7432942e-001
 -1.4145853e-001
 -1.5188062e-001
 -1.7449574e-001
  3.9571839e-001
 -5.9353966e-002
 -8.8773787e-002
 -1.4156158e-001
  4.6595226e-001
 -3.9595786e-001
  1.4971111e-001
  5.0850375e-002
 -1.7819446e-001
  1.1326771e-001
 -4.4485761e-002
 -1.2914171e-001
  7.0318168e-002
 -1.1445044e-001
 -3.2397381e-001
 -1.2613186e-001
 -5.5741769e-001
  2.1847460e-001
 -2.4043375e-001
 -1.2310347e-001
  1.0164256e-001
 -7.3230352e-002
 -4.5175396e-001
 -9.0209193e-002
  3.3238309e-002
 -1.7068194e-001
  1.5438205e-001
 -1.2432702e-001
  5.4366612e-001
  1.5595550e-001
  7.5712206e-002
  7.5046446e-002
  4.6802180e-001
  2.7186568e-002
 -3.9492856e-001
  4.8729894e-002
  4.5697142e-003
 -3.2839661e-001
  2.8163764e-001
  3.5925029e-001
  3.0913065e-001
 -1.2260283e-001
 -3.1960861e-001
 -3.8852714e-001
  1.4550135e-001
 -4.9801257e-001
  1.6431022e-001
  2.0821559e-001
  1.1105302e-001
  1.6649505e-001
  4.2419577e-001
  3.3948781e-001
  3.1849816e-001
  4.5688797e-001
  3.2654881e-001
  5.0885837e-002
 -1.1571225e-001
  4.5091922e-001
  1.5848403e-001
  2.4755865e-002
 -4.0975313e-001
  1.8541503e-001
  1.3745127e-001
  1.7392622e-001
  2.4599007e-001
 -1.0427987e-001
 -6.2836309e-003
 -1.7380271e-003
 -5.8617153e-001
  8.1573280e-002
 -2.1566611e-001
 -7.5126531e-001
  4.5089004e-001
  5.0841567e-002
  2.8854095e-002
 -3.0164351e-001
  6.6884308e-001
 -4.2487571e-001
 -6.1658391e-001
 -1.5947290e-001
 -2.5155455e-002
 -2.6619239e-001
 -1.4693182e-001
 -1.5023174e-001
 -8.9567445e-002
 -2.7073201e-001
  4.5072230e-001
  2.6904247e-002
  3.9708160e-001
  2.8684968e-001
  2.3281871e-001
  9.0054880e-002
  5.9844941e-001
 -2.5951237e-001
  1.7619969e-002
  3.3490476e-001
 -4.9566444e-001
  3.4128150e-001
 -7.8223706e-002
  2.8306127e-001
 -5.1684651e-001
 -8.3356152e-001
  3.1661381e-001
 -2.4589136e-001
 -1.1322738e-002
  3.2512943e-001
 -1.4053566e-001
 -1.3972466e-001
 -9.9701350e-002
 -4.1614901e-001
 -7.3101445e-002
  2.8726939e-001
  1.1413016e-001
  1.8649827e-001
  1.8173585e-001
 -1.8847585e-001
 -6.1205810e-001
 -3.8763116e-001
  5.0213562e-002
 -3.0562938e-001
  3.2908025e-002
  1.0001830e-001
  1.1303862e-001
 -4.7654621e-002
 -2.3252654e-001
  2.5202995e-001
 -5.0532217e-001
 -4.3339822e-001
 -4.6855651e-001
  1.7360761e-001
 -9.7507370e-002
 -2.2320323e-001
 -3.6888841e-001
  1.5929641e-002
 -8.4150727e-002
  1.9633281e-001
 -4.2479924e-001
 -7.4020091e-002
 -2.5130154e-001
  1.9182651e-001
  4.2538483e-002
  3.8522171e-001
  4.8574715e-001
  3.6967080e-002
 -3.4145957e-002
  3.4023153e-001
 -2.3198567e-001
 -1.6720278e-001
 -1.0917705e-001
  5.1107636e-002
  3.2350244e-001
 -3.2776433e-001
  2.5757787e-001
  2.6001058e-001
 -1.8323109e-001
  4.7774623e-001
  1.1319167e-001
  1.4374291e-001
  3.2641913e-001
  1.2470395e-001
 -1.5589193e-001
  3.5743907e-002
  5.2026438e-001
 -3.8062625e-001
 -4.6135810e-001
  4.5466164e-002
 -9.3027722e-002
 -2.1585920e-001
  3.3766511e-001
  3.0843967e-001
  4.8571336e-002
 -1.3601777e-001
 -1.1350518e-001
 -7.5872849e-002
  1.4618976e-002
 -5.2357388e-001
 -1.2353247e-001
  7.1171766e-002
 -1.5463948e-001
 -7.1166780e-002
 -1.8964786e-001
  1.1397543e-001
 -7.8974111e-002
  1.9996157e-001
 -3.4808678e-001
 -2.7897851e-001
 -2.4966760e-001
 -5.8386458e-001
 -1.7153236e-001
 -1.3712915e-001
  4.9780122e-001
 -1.3818928e-001
 -3.5360508e-001
 -4.1180271e-002
  7.4976010e-003
 -3.4213546e-001
  4.7787047e-001
  1.5453243e-001
  5.3844933e-002
 -3.5640221e-001
 -1.2825313e-001
  5.0321225e-001
  2.9056191e-002
 -6.2133215e-001
 -1.9136908e-001
  2.5408795e-001
 -2.3941408e-002
 -2.8196511e-001
 -1.3414697e-001
  2.1463619e-001
 -2.7470483e-001
  2.0754316e-001
  1.3523098e-001
 -8.6090578e-002
 -1.0871901e-001
 -2.0182602e-001
  1.1011203e-001
 -2.2715323e-001
 -1.4965842e-001
 -3.7645128e-002
  2.2798714e-001
  4.2102638e-001
 -1.0007353e-002
  3.3878153e-001
 -1.7081387e-001
 -2.9780926e-001
  2.8701175e-001
  3.9473629e-001
  6.8982422e-002
 -1.3089164e-001
  2.5120809e-002
 -8.4174110e-002
 -1.9373759e-001
 -9.0910268e-002
  4.1441609e-001
 -4.7177143e-001
 -5.2717225e-002
 -1.5028250e-001
  4.3226458e-001
 -1.5666024e-001
  2.1775705e-001
 -1.5816831e-001
 -2.3500567e-001
 -1.5953863e-001
  2.0187183e-001
 -2.6584944e-001
 -1.3532628e-001
  7.9981323e-001
 -1.2402820e-002
 -2.9668839e-001
 -6.7775470e-002
 -1.5296639e-001
  2.5633742e-001
 -3.9019814e-001
  1.5267692e-001
 -1.8246886e-001
  1.4940513e-001
 -6.4529812e-002
  2.5487018e-001
 -3.3129208e-001
  3.5840094e-001
 -9.0561650e-001
  4.3147233e-001
  1.6154295e-001
 -3.3857512e-001
 -6.1555581e-002
  2.4148671e-001
 -1.3332911e-001
  6.0442851e-001
 -1.1109293e-001
  5.0495617e-002
 -3.5836069e-001
  1.1959185e-002
 -5.1421635e-001
  1.9976056e-001
 -2.2081933e-001
  1.9452027e-001
 -3.1193507e-001
 -2.4657462e-001
  3.2748507e-001
 -4.6270007e-001
 -2.6062713e-001
 -4.5477531e-001
  1.5230630e-001
  2.0625536e-001
  4.6131905e-001
 -1.5946339e-001
  1.5721586e-001
 -3.6910786e-001
 -2.9087791e-001
 -3.7418066e-001
 -1.0235820e-001
 -1.9954210e-001
 -3.3800456e-001
  9.5443451e-002
 -1.6896009e-001
  9.1670521e-002
  1.5539636e-001
  4.3882660e-001
  2.0601006e-001
  2.3607978e-001
  1.8652203e-001
 -5.9275843e-001
 -4.1038126e-002
  4.0062792e-001
  1.5561113e-001
  2.0578198e-001
  3.8833460e-002
  7.8329496e-002
 -2.4726267e-001
 -4.4531781e-002
  8.9203803e-001
 -2.7646321e-001
  1.7420021e-001
 -2.7808268e-001
  2.1944595e-001
  1.0082254e-001
  8.7439427e-002
  1.1589718e-001
 -9.6056890e-002
 -1.3197870e-001
  2.9735987e-001
  2.4257619e-001
 -4.5528876e-001
  1.5281065e-001
  2.8745451e-001
  2.8840152e-001
  2.4953160e-001
  1.6750825e-001
  1.1697647e-001
 -1.7266039e-001
  7.8968895e-002
  4.1958266e-001
  3.0653092e-002
 -6.1895617e-001
 -2.6529355e-001
 -1.6766440e-001
 -1.1911158e-001
 -3.0832623e-001
 -2.1856510e-001
 -6.7069830e-001
 -8.9802818e-003
  1.9410035e-002
 -2.0346979e-001
 -2.9317214e-001
  6.6508181e-001
 -4.4148324e-001
  3.1972944e-001
 -4.4254533e-002
  1.2343865e-001
 -6.4544294e-001
  5.7792664e-001
 -2.0055524e-001
  2.7174123e-001
  5.6086247e-001
 -3.5584742e-002
 -3.3190899e-001
 -4.8278991e-001
  4.7554848e-001
  2.5589492e-001
 -2.8857246e-001
 -5.9779204e-002
 -4.4542946e-001
  6.3023510e-003
  4.1540412e-002
  1.8078992e-001
  2.8901222e-002
 -7.9402470e-002
 -1.2576253e-001
  2.4158792e-003
  1.0113278e-001
 -3.9221680e-001
  5.6252054e-001
 -7.5546905e-002
  1.0776323e-001
 -1.5426888e-001
 -1.4119490e-001
 -5.9901101e-001
 -1.4263343e-001
 -4.2356336e-002
  6.0617112e-002
 -2.7728872e-001
 -1.0072953e-001
 -1.4927054e-001
  4.8091278e-001
  2.1069626e-001
 -2.7697380e-002
 -3.3497910e-001
 -1.9961339e-001
 -4.0720383e-001
  1.1458381e-001
 -3.3969203e-002
 -2.6738199e-001
  1.4141664e-002
 -4.8658085e-002
 -1.5155204e-001
 -4.5202129e-001
 -8.5975203e-002
 -3.3649048e-001
 -5.1786178e-002
 -4.0718213e-001
  4.1257941e-002
 -3.4484222e-002
  2.3103520e-001
 -4.2488847e-002
  2.7247381e-001
 -3.1604572e-001
  3.0001126e-001
 -4.6231920e-001
  4.7046256e-001
  2.4727574e-001
 -1.7145123e-001
  7.3491552e-001
  1.4690479e-002
  1.7976682e-001
  1.7774494e-001
  1.4990081e-002
  2.4613166e-001
 -2.5704886e-001
 -8.1884913e-001
  4.2257323e-001
  6.7701159e-002
  1.8558983e-001
  8.1510143e-002
 -2.6198579e-001
 -3.3232832e-002
 -3.4015225e-001
  2.8634103e-001
 -2.3187968e-001
  7.5219918e-002
 -1.2553568e-002
  1.9594729e-001
  5.1679222e-001
  1.7474829e-001
  5.2023919e-001
 -2.6971753e-002
 -1.0423727e-001
  1.1829292e-001
  2.9260425e-001
 -4.7064641e-001
  2.1788924e-001
  3.3464777e-001
 -4.7440152e-001
 -5.5949499e-002
  9.7132707e-002
 -1.9976982e-001
  1.1966779e-001
  1.2698686e-001
  3.1575420e-001
  3.5044865e-002
  3.9418487e-001
  3.8683792e-001
  1.0372280e-002
 -2.2622558e-001
 -3.0649904e-001
 -8.2408210e-002
  5.1521831e-002
  1.5255381e-001
  6.7970874e-001
 -3.1427882e-002
  5.4433362e-003
 -1.9602998e-001
 -1.1429823e-001
 -6.2670351e-002
  7.0082218e-002
  6.0950217e-002
  5.2252272e-001
 -1.0319456e-001
 -1.7324906e-002
  8.4778906e-002
  3.4880415e-001
 -6.7457612e-001
 -2.2072115e-001
  7.7436757e-003
  4.8453613e-002
 -2.4288842e-001
 -2.8736433e-001
  1.1469564e-001
  9.8791025e-002
 -1.9751280e-001
 -4.3240199e-001
  1.1189765e-001
  2.1576792e-001
  8.3393866e-002
  1.0932662e-001
  1.6058652e-001
 -1.5721389e-001
 -4.0412236e-001
  9.3639248e-002
 -1.1449979e-001
  1.2245242e-001
 -6.4447789e-002
  2.5738793e-002
  3.2737492e-001
 -9.6580051e-002
  1.7886728e-001
  5.2748728e-002
 -4.8879344e-002
  5.2632620e-001
 -5.0619108e-001
 -2.9844276e-001
  1.4713084e-001
 -1.0965201e-001
  2.2642401e-001
 -8.6938087e-003
  3.5063960e-001
  2.0387176e-001
 -3.7331379e-001
  2.5524399e-001
  3.5120765e-001
  2.5290159e-001
  2.8896434e-001
 -8.3430647e-002
  3.6231168e-001
  5.0517206e-001
 -2.4295877e-001
  4.9157914e-001
 -3.1140220e-001
 -1.5776942e-001
 -2.2899375e-002
  1.5239582e-001
  1.9340403e-001
  4.1047916e-001
  4.7006078e-001
 -1.7203566e-001
 -9.4886984e-002
  6.4475607e-001
 -2.3947761e-002
  2.1906540e-001
 -1.7469584e-001
 -1.3751936e-001
  4.6711731e-001
 -3.3450096e-001
  5.9452906e-001
 -2.7574793e-001
  1.3016069e-001
  3.8927492e-001
  2.6557001e-001
  1.5663440e-001
 -6.0143679e-002
  2.4705075e-001
  4.4486986e-001
 -7.8486705e-002
  8.2870560e-002
  2.9657287e-001
  4.4978664e-002
  7.9644244e-001
 -1.8469901e-001
 -2.1964287e-001
 -3.5366870e-001
  2.4884513e-001
 -3.6811646e-001
 -3.7144353e-003
  4.0005853e-001
  8.6160973e-002
 -4.9990920e-001
 -1.8094157e-002
  3.0237195e-001
 -3.4094848e-001
  1.5779864e-001
  6.4439620e-001
 -3.0229174e-001
 -1.9508284e-001
 -4.1280251e-001
  1.9451962e-001
 -3.0243584e-001
  5.0400063e-001
 -1.7920369e-001
 -3.7722984e-001
  7.2094909e-002
  6.3189700e-003
  5.0826110e-001
 -1.7042236e-001
  5.6692897e-002
  6.4522626e-001
  1.6501282e-002
  2.3084881e-001
 -7.4807594e-002
  9.1240670e-002
 -4.0267021e-001
  1.9243719e-001
 -2.6543584e-001
  5.1837413e-001
  3.7903820e-001
 -2.8614410e-001
 -1.2943991e-001
  3.4522660e-001
  1.6953414e-001
  5.9326637e-001
  1.6407600e-001
  2.6459149e-002
 -3.3078686e-001
  2.1325407e-001
  1.5337870e-002
  2.9872922e-001
 -3.8543797e-001
 -3.2076007e-001
 -1.5349681e-002
  3.6177904e-001
  8.0872736e-002
  2.1164384e-001
  2.4836448e-003
  6.2240165e-002
  3.3524711e-001
 -1.9854459e-001
  2.9067799e-002
  1.2696307e-001
 -2.3172703e-001
 -1.2438713e-001
  2.5952001e-001
 -7.2433268e-001
  2.4189173e-001
  1.1933184e-001
 -5.0630338e-002
  3.7433497e-001
 -4.2039790e-002
 -3.2602849e-001
  1.2286331e-001
  2.2872241e-001
 -3.8814497e-002
  1.5782677e-001
 -1.7894850e-001
 -1.0080736e-002
  2.7300233e-002
 -5.7496307e-001
  1.3042086e-001
 -2.0837406e-001
  3.2112232e-001
  5.3701748e-001
 -3.9641093e-002
  3.6466234e-001
  1.2977157e-001
 -6.3912412e-003
 -8.5074952e-002
 -2.0833364e-001
  3.8714077e-001
  7.3111226e-002
  2.4315676e-001
  2.2481119e-001
  2.8358564e-001
  1.6007499e-001
 -5.2355965e-002
 -2.1754746e-001
  3.1858233e-001
  1.8926489e-001
  4.1546753e-001
 -3.0659926e-001
 -1.8851847e-001
  4.9204619e-001
  5.6930682e-003
  2.2155212e-001
  2.8311164e-001
 -7.6361603e-002
  1.1672560e-001
 -1.3660922e-001
  1.7311264e-001
  8.2534725e-002
  2.8999569e-001
 -2.3680978e-001
  2.4385118e-001
  5.4891563e-001
 -4.0999419e-002
  7.3713220e-002
 -4.3269270e-001
 -3.8060168e-001
 -3.2769671e-001
  6.5361535e-002
  1.7864208e-001
  4.9116225e-003
 -3.9740203e-001
 -1.1110795e-001
 -3.8219608e-001
  4.4679418e-001
 -4.1652068e-001
 -1.1596159e-001
  6.4418739e-001
 -3.1159486e-001
 -6.5674080e-002
 -1.7359297e-001
  6.0349468e-002
  9.3100156e-002
 -3.8129223e-002
  7.9881701e-001
 -1.1062309e-002
 -2.1953794e-001
  2.0571105e-001
 -3.8398986e-002
 -1.0917623e-002
 -4.0887884e-002
 -2.4572292e-002
  5.4556908e-001
 -4.7319456e-001
 -1.2912267e-001
  2.0440079e-001
  1.5623669e-001
  2.9493766e-001
  1.5515847e-001
 -3.6040400e-001
 -8.3611396e-002
 -8.6727460e-002
 -4.8409273e-001
 -1.0038616e-001
  2.5106453e-001
 -1.0442355e-001
 -3.2340103e-001
 -6.2436374e-001
  1.1878449e-001
  1.2617217e-001
 -1.8757585e-001
  1.3456711e-001
  1.7249175e-001
 -5.2429649e-001
  3.4814166e-001
  1.3158366e-001
 -2.4381502e-001
 -1.2459671e-001
  2.8257235e-002
  2.6993015e-001
  6.2550883e-001
  3.7753079e-001
 -1.6182761e-001
  6.4033022e-002
  7.9510767e-001
  7.9926811e-002
 -4.4219957e-002
  2.9426639e-001
  2.8019833e-001
 -1.0064410e-001
 -2.5293599e-001
  9.5671500e-002
 -5.9269153e-002
 -3.6786073e-002
 -2.7890139e-001
 -4.7973279e-001
  1.2514434e-001
 -5.7605528e-001
 -1.1742363e-001
 -3.4000741e-002
 -1.5391372e-001
  2.3400991e-001
 -3.1173015e-002
  1.7408900e-001
  2.7714215e-001
  3.3749216e-002
 -1.7325162e-001
 -1.6793200e-001
 -9.5463210e-002
  8.0623498e-002
 -7.3652048e-002
  5.2301396e-001
 -2.6868793e-002
 -3.3702768e-001
  3.3090378e-001
 -3.8328966e-001
 -9.4530092e-002
  4.8463325e-001
 -1.3728679e-001
  3.4039243e-002
 -2.9038232e-001
 -1.3067771e-001
  1.1494652e-001
  2.2157973e-001
 -2.1769760e-001
 -2.9200098e-001
 -9.0694173e-002
  2.2859485e-001
  2.9761038e-001
 -1.2631488e-001
  2.8603095e-002
  3.6427151e-001
  9.0928594e-003
 -2.3684949e-001
  1.1257120e-001
  1.3187302e-001
  3.8134189e-001
 -5.0864029e-002
  1.4100786e-001
 -3.4677419e-001
 -6.6453305e-002
  1.9117540e-001
  5.9346086e-002
 -4.6019622e-001
  9.0348036e-002
  9.7092315e-002
 -1.4305196e-002
  1.9826895e-001
 -7.3665166e-001
  2.4946856e-001
 -1.2443508e-001
  5.2738050e-001
 -2.8382416e-001
 -1.2921196e-001
  5.0725987e-001
  1.0868250e-001
  2.6329797e-001
 -3.4468782e-001
  3.1000375e-001
  2.9645636e-001
 -4.0895957e-001
 -1.9692546e-001
 -2.4303968e-001
 -8.0077740e-002
  7.5208795e-001
 -1.4625042e-003
  3.0562271e-001
 -2.1254603e-001
  2.0069002e-001
 -2.7192021e-001
 -3.4727437e-001
  1.8928263e-001
  7.6878285e-002
  4.7467647e-001
  9.7177741e-002
 -4.0473102e-002
  7.1411232e-002
 -1.0848592e-001
  3.1431973e-002
  2.0433250e-001
 -6.5604644e-002
 -2.6119313e-001
  1.5804485e-001
 -2.4960036e-001
  3.2958131e-001
  2.5865135e-001
 -3.1326002e-002
 -1.6541311e-001
 -2.0581832e-001
 -6.4839550e-001
  1.4030371e-001
  1.3334924e-001
 -3.8133272e-001
 -4.9540914e-001
 -4.5251689e-001
  6.3350616e-002
 -4.3658691e-002
 -5.7017109e-001
  2.7407380e-002
  4.3539374e-002
 -1.8162873e-001
  4.7724001e-002
  1.8806683e-001
  2.5331229e-001
  4.6720549e-001
  3.0860862e-002
 -1.4972959e-001
 -4.5374666e-001
 -9.9973985e-002
 -4.5210296e-001
  1.5011476e-001
 -2.6380009e-001
 -1.2540340e-001
 -2.0726554e-002
 -5.6360510e-002
 -7.3300141e-003
 -1.1522238e-001
  5.3699911e-001
 -6.2264525e-002
 -5.5837320e-002
 -2.2510166e-003
 -7.0602006e-001
 -2.7995307e-001
 -3.8676177e-001
  2.4206464e-001
  1.2881290e-001
 -3.0151716e-001
  3.7056713e-002
  6.9459959e-001
  1.7926862e-001
 -7.6123066e-002
  9.5962290e-002
 -2.1272889e-002
 -1.5790282e-001
 -8.0312425e-002
 -2.5356750e-001
  3.6740641e-001
 -8.0486094e-003
 -1.9139494e-001
  1.5147708e-001
  3.9886012e-001
 -7.0710708e-001
  4.3737821e-001
 -2.0188684e-001
  2.8924495e-001
  7.7727880e-001
 -9.6393002e-002
  9.9739873e-002
  3.6613279e-001
 -1.2592505e-001
 -4.2901801e-001
 -8.3461128e-002
 -1.3955854e-001
  2.1885728e-001
 -5.2627808e-003
  2.0304499e-001
 -2.3529585e-001
 -2.2898543e-001
 -2.1773077e-001
  1.0869875e-001
 -1.2046534e-001
 -1.3517828e-001
  3.6345920e-001
 -1.8880136e-001
  8.3214365e-002
  1.9362595e-001
  8.8324820e-002
  7.5820079e-001
  3.2652333e-001
 -5.6618971e-001
 -1.8067184e-001
  1.1928901e-001
  3.8234348e-001
  1.7722870e-001
  5.5283820e-001
 -2.2355231e-001
  9.7917022e-002
  4.9521811e-003
 -5.5458099e-002
  1.5293183e-001
  5.4648430e-002
  4.4554600e-001
  4.6664320e-002
  2.6824910e-001
  1.0923906e-001
  6.3136246e-001
  1.3618633e-001
 -3.2012131e-001
  2.5458912e-001
 -4.2299118e-001
 -4.4666951e-001
 -4.3066834e-001
  5.2751664e-001
  4.7409232e-001
  2.1110305e-003
  3.9307699e-001
 -2.0873948e-001
 -3.1690889e-002
  1.1579819e-001
 -4.4418338e-001
  1.9389289e-001
  2.0061760e-001
 -1.2933412e-001
  2.7495197e-001
  4.8568487e-001
  4.2999004e-002
  5.4538617e-001
  2.4902749e-001
 -5.2551932e-001
 -9.7674295e-002
 -3.7171452e-003
 -2.1486247e-001
 -2.9584591e-001
  2.6240301e-001
 -9.9401214e-002
  4.9513694e-002
  8.4963833e-002
 -3.4548507e-001
 -1.4138129e-001
 -2.2243518e-001
  1.6535678e-001
  2.3667151e-001
  1.3757176e-001
 -5.0732794e-001
 -5.2762564e-001
  7.9009980e-001
 -1.0368092e-001
 -3.5764140e-001
 -3.0416571e-002
  4.9636627e-001
  4.4221373e-002
  5.8921225e-001
 -7.0629428e-002
  5.3902393e-001
  2.7422720e-001
 -2.0613418e-001
 -2.3042906e-001
 -1.4552871e-001
  2.4613360e-001
  2.4829454e-001
 -1.0150011e-001
  9.8122572e-002
 -1.9069163e-001
 -2.1666017e-003
 -1.0441672e-001
 -3.5108960e-002
  4.2325269e-001
 -8.0565395e-002
  1.6670752e-001
 -1.6221301e-001
  1.7446599e-001
  3.1446322e-001
  7.3238623e-001
  6.6435223e-002
 -1.4974159e-001
  7.8412353e-002
 -3.4065771e-001
  2.9073092e-001
  2.1762528e-001
  1.0012768e-001
 -8.4501566e-002
 -2.0074478e-002
  3.9757109e-002
  7.0774602e-002
 -1.8039569e-001
 -2.8606533e-001
 -4.4809066e-001
  2.2515223e-001
 -2.8479846e-002
  6.4112312e-002
  2.0893533e-001
 -1.7725982e-001
  4.3593480e-001
 -1.7086130e-002
  1.9674804e-001
 -5.1846175e-001
 -2.8504104e-001
  6.2103120e-001
 -3.5178171e-001
 -7.3659278e-002
  5.0271554e-002
  4.1344467e-001
  6.4889810e-002
  7.4722019e-002
  3.7575515e-001
 -1.8236103e-001
  4.5504255e-001
 -4.6584917e-001
  1.9403027e-001
 -2.2142911e-002
 -4.9835935e-001
  4.6839949e-001
  4.8640094e-001
 -2.7015077e-001
 -6.9802106e-002
 -5.1145082e-002
 -2.4179285e-001
 -1.3947983e-001
 -3.4099260e-001
 -1.8177038e-001
 -1.8946421e-002
 -4.5140335e-001
  2.0453149e-001
 -4.4218138e-001
  3.2644868e-001
  2.4854783e-002
 -5.2140500e-001
  2.1218597e-001
 -4.8724895e-001
 -2.6565176e-001
  6.0723999e-002
 -1.7416338e-001
 -6.0655931e-002
  1.3346892e-001
  2.3363926e-002
 -1.4221262e-002
  1.1804291e-001
 -3.1106136e-001
  2.4265097e-002
  5.8065022e-001
  3.1427130e-001
 -9.9419870e-002
  9.3249558e-002
  2.8729380e-001
  4.9583466e-001
 -9.7147537e-002
 -1.2027596e-001
 -1.8635267e-002
 -2.5645656e-001
  1.2153769e-002
 -2.7246374e-001
 -2.4584013e-001
 -1.6348729e-001
 -3.9986337e-001
  6.0292985e-002
  4.0235552e-002
  1.9060013e-001
 -6.8802922e-002
  5.1813146e-002
 -5.9144398e-001
 -2.6468311e-001
  1.5977577e-001
  2.6007542e-001
 -1.4871619e-003
 -2.3886382e-001
 -1.3391640e-001
 -1.8067499e-001
  9.8267510e-002
  2.4731307e-002
  1.3747546e-001
  1.8471670e-001
 -5.0024908e-001
 -4.4208704e-001
 -4.2092372e-001
  6.0315872e-001
 -7.4957852e-001
 -1.7230256e-001
  2.4596330e-002
 -1.6667318e-001
  1.8004583e-002
 -1.0012032e-001
 -9.9880475e-002
  2.4046651e-001
 -3.3040303e-001
  3.4858838e-002
 -1.9425647e-001
 -2.6997413e-001
 -1.4750193e-001
 -6.9716474e-002
 -2.4432743e-001
  1.3076687e-001
  2.5783135e-001
 -9.4573994e-002
 -2.2858987e-001
  2.8804245e-001
 -1.9968078e-001
  6.6395051e-001
  3.2013023e-001
 -1.8078759e-001
  2.6286297e-001
  5.3257087e-001
 -2.3948190e-002
  2.4039722e-001
  1.3789698e-001
 -2.3840457e-001
 -1.1075167e-001
  3.5474975e-001
  3.1297763e-001
 -1.0908757e-001
 -9.8359541e-002
 -1.2928858e-002
 -4.0232637e-002
  7.8040549e-002
  7.0272091e-002
  3.2705842e-002
 -2.7724277e-001
  2.3008105e-001
 -3.6988979e-001
  1.1979222e-001
  1.8325601e-002
  2.4032057e-001
  1.3247744e-001
 -6.9445538e-001
  8.6648433e-002
 -1.1982782e-002
  5.1520089e-002
  4.4168629e-001
 -5.4316043e-001
 -3.9215222e-001
 -5.5655530e-001
  2.9270773e-002
 -2.2068621e-001
 -3.7935301e-001
 -3.8118166e-001
  1.5205465e-001
  3.3900143e-002
  2.4542580e-001
 -1.8469711e-001
  5.4395335e-002
  2.2434478e-001
 -1.1061327e-002
 -2.3540143e-001
  2.6879664e-001
  3.2552402e-001
 -4.4791563e-001
  3.0910022e-001
 -3.0105116e-001
 -3.0433198e-001
  8.3572670e-002
 -1.1121523e-002
 -1.9882539e-001
  1.1229665e-001
  2.2579692e-001
 -2.9254357e-002
 -1.7087674e-001
  7.4073232e-001
 -4.8521499e-001
  4.6485187e-002
  2.6089265e-001
  2.1550091e-001
  2.9326773e-001
 -2.4473470e-002
  4.4602041e-001
  1.6215760e-001
 -3.8612589e-001
 -1.8834928e-001
  1.6625977e-001
 -1.3203698e-001
  5.9807697e-001
  4.0572972e-002
  4.9178691e-001
  1.7467926e-001
 -4.9761202e-002
 -2.4718643e-002
  4.4673123e-002
 -1.4430593e-001
  1.5517776e-001
  1.2183546e-001
  3.5722907e-001
 -7.7121784e-001
 -2.0255001e-001
  3.1358140e-001
 -2.9581988e-001
 -6.0242611e-001
  1.0018826e-001
 -1.6477144e-001
  1.2087607e-001
 -2.7185157e-001
  1.1037015e-001
 -1.0611124e-002
 -8.2116662e-004
 -1.6446753e-001
 -3.0502855e-001
 -4.2891081e-002
 -1.3483737e-001
  2.3615437e-001
  1.6690876e-001
 -5.4256196e-002
  8.4834140e-002
 -6.3495406e-001
  1.4603324e-002
  3.2680204e-001
 -1.8939109e-001
  2.4973411e-001
 -4.3198989e-003
  6.5581474e-001
 -1.1055427e-002
  2.6426707e-001
  3.3226175e-002
 -4.7103999e-001
  2.0394659e-001
 -2.0854351e-001
  2.3697208e-001
 -1.4766813e-001
  9.0926282e-002
  4.5816822e-001
 -3.9435574e-002
 -3.6260298e-001
 -4.5224619e-001
 -4.4956492e-001
  1.1175140e-001
 -4.6548964e-001
  1.4328327e-001
  1.9849130e-003
  2.2821875e-002
  3.7106508e-001
 -2.2077070e-001
  3.2784419e-001
  8.1158464e-003
  2.2634041e-001
  3.1495896e-001
 -3.2663526e-001
 -3.3751404e-001
 -1.4679009e-001
 -1.0101804e-001
 -6.6900166e-002
  2.1550353e-001
  4.3302692e-001
  3.0412702e-002
  5.4577850e-003
 -6.0756262e-001
 -4.1137633e-001
 -1.8695990e-001
  7.3484804e-002
  1.3474007e-001
  2.6032748e-001
  2.7401580e-001
 -3.3300206e-001
 -1.5402163e-001
 -1.3436036e-001
 -3.1251220e-001
  2.5386027e-001
 -2.0241796e-001
  3.1191171e-001
  3.3462263e-001
  3.8621236e-001
  3.6544758e-001
  6.0485747e-002
  2.3192765e-001
 -1.4085987e-001
  3.1430550e-001
  3.9621694e-002
 -2.6765960e-002
  2.3458612e-002
 -3.1826050e-001
 -4.9996408e-001
 -3.9797093e-001
  4.2559481e-001
  2.0372635e-001
  3.3387540e-001
 -5.4541295e-002
 -1.7552910e-001
  1.6251127e-001
  2.8264624e-001
 -5.3270416e-003
 -2.9030564e-001
 -2.3960905e-001
  1.0672511e-001
  2.1284851e-001
  2.0304420e-001
  3.6446972e-001
 -1.5854662e-001
  9.8693861e-002
  2.7960822e-001
 -8.4386323e-002
 -4.4379849e-001
  1.3768152e-001
 -7.7953355e-002
  2.1447054e-001
  6.2719568e-001
  1.5962532e-001
 -1.9107333e-002
  1.2572240e-001
  2.1370670e-001
 -6.5950158e-001
  1.4721494e-001
  2.3406206e-001
 -1.9822487e-001
  2.6658161e-001
 -1.5029965e-001
  4.9334645e-001
  1.8980041e-001
 -1.1978268e-001
  2.4109324e-001
 -1.2843781e-001
  4.9075053e-001
  1.6558945e-001
  4.4837170e-001
 -1.2291603e-001
  3.1888160e-001
  6.1848817e-001
  3.3441816e-001
 -2.2985417e-001
 -4.0230589e-001
  5.5577372e-002
 -4.3653921e-001
 -2.5117817e-001
  1.7963435e-002
 -5.4136609e-001
  2.3498882e-001
 -6.3412763e-001
  1.2190369e-001
 -3.0340269e-001
  9.3674433e-002
 -6.2831123e-001
  5.3039363e-001
  1.4165476e-002
 -3.3036793e-001
 -4.4793249e-001
  2.5076353e-003
 -4.0069684e-001
  4.3203818e-001
  4.7886984e-001
 -2.5413862e-001
 -6.1210472e-002
 -2.5319471e-001
 -4.4321598e-003
  2.4361390e-001
  8.9327305e-002
 -5.2177299e-001
  3.5367305e-001
  6.2977899e-002
 -4.3934903e-001
 -4.2470020e-001
 -7.2219052e-001
  2.9304332e-001
  4.3390418e-002
 -6.6443415e-002
 -3.9996629e-002
  1.1637702e-001
 -3.2823068e-001
 -4.1190926e-001
  2.1253328e-001
 -2.4439070e-002
 -3.3601931e-001
  2.1456463e-001
 -9.1516980e-002
  4.1012388e-001
 -3.4074981e-001
  1.4269668e-001
 -1.7224401e-001
 -4.4383309e-001
  3.2038855e-001
  4.5133180e-002
  2.9472995e-001
 -2.2294361e-001
 -9.9581876e-002
 -1.4062727e-001
  7.0464299e-002
 -5.1811580e-001
  2.1956253e-001
 -1.8396154e-001
 -6.0579675e-001
  1.9380892e-001
  2.4291451e-001
 -5.1280963e-001
 -6.1173174e-001
 -2.2904119e-003
  4.8877131e-001
 -2.4849298e-001
  4.3531349e-001
 -9.6344932e-002
  2.8980746e-001
 -3.4814367e-001
 -3.1780068e-001
 -1.1089239e-001
 -6.1162694e-002
  2.6274028e-002
  1.8698902e-001
  4.7088403e-001
  9.4296850e-002
 -4.6446527e-001
  9.7478968e-002
 -5.1260254e-001
 -2.9118609e-002
  2.8002776e-001
  2.1690536e-001
 -2.4927935e-001
 -2.7332782e-001
  3.8520517e-001
  3.3044771e-001
  1.6700364e-001
 -6.1510671e-002
  4.8027161e-001
  4.0774713e-001
 -8.3766481e-002
 -3.6087423e-001
 -1.7189930e-001
 -4.9858410e-001
  2.1494155e-001
 -6.3992890e-001
 -1.8071405e-001
 -2.9747676e-001
  3.1076519e-001
 -1.0376421e-001
  4.7165685e-002
  4.1858472e-001
  2.3128149e-001
 -3.3288094e-001
  2.1235404e-002
 -3.5480594e-001
 -2.7920643e-003
  2.2807179e-001
 -3.2823163e-001
  1.7962991e-001
  3.2273693e-002
  1.3683185e-002
  7.7841258e-002
  4.1261428e-001
  1.6815009e-001
  3.2147501e-001
  2.6547513e-001
  2.3562802e-001
 -3.8114745e-001
 -3.1879603e-001
  1.1920273e-001
 -3.6730968e-001
 -1.3388762e-001
  3.6271576e-002
  4.7757616e-001
 -2.7547657e-001
  2.6951953e-001
 -2.1590768e-001
 -4.3901562e-002
 -3.6308227e-001
  2.4225031e-001
 -1.9427542e-002
 -2.3169966e-002
 -5.2687927e-003
 -4.7359521e-002
  4.1978343e-001
 -5.0467679e-002
  1.8569002e-001
  3.6982698e-001
  7.0968851e-001
  2.2554830e-001
 -8.0466932e-001
 -3.4457165e-001
 -1.8128334e-001
 -7.1194323e-001
  7.2475305e-002
 -4.8029999e-001
 -4.2602711e-003
 -1.6162684e-001
 -1.9240162e-001
 -1.2939941e-001
 -3.3097188e-001
  3.1119093e-002
  4.2899867e-001
  1.1324606e-001
 -2.4484180e-001
  6.7822123e-002
 -4.3354464e-001
  4.9111920e-001
  6.4427188e-002
 -3.7686052e-001
 -2.5559858e-001
 -1.3871544e-001
  5.0329102e-001
 -1.0211969e-001
 -1.9703978e-001
 -3.6745930e-001
 -2.3689170e-002
 -2.6220720e-001
 -1.5807526e-001
 -2.3119136e-001
  2.9210815e-001
  6.3151822e-001
 -1.2086572e-001
  2.6887925e-001
 -4.2618583e-002
  7.0079485e-002
 -6.1048203e-002
 -2.6679412e-001
 -2.4186940e-002
  2.6260986e-001
 -5.7028999e-001
  3.2982279e-002
  1.4401676e-001
 -2.2735041e-001
 -1.8024308e-001
 -2.1745014e-001
  8.3120075e-002
  2.9634336e-001
 -2.0168672e-001
  1.6399866e-002
  2.7355623e-001
 -3.6782753e-001
 -4.5491566e-002
 -2.0290180e-001
 -3.3757715e-001
 -3.2501322e-001
 -1.9690499e-001
  3.5775789e-001
  2.2871182e-001
 -9.8194296e-002
 -3.9389569e-001
  1.5679759e-001
  4.1006979e-001
 -2.7426288e-001
 -3.8564231e-001
 -1.5514553e-001
  2.3839597e-001
  6.1679186e-001
 -2.8608121e-001
  2.4988016e-001
 -2.0195184e-001
  9.8858719e-002
 -3.5556473e-001
  2.6750838e-002
  1.0017437e-001
 -6.8968896e-002
  1.4784572e-001
 -2.7798927e-001
 -8.5483745e-002
  2.6743733e-001
  2.8285940e-001
  3.4299400e-001
 -8.9080976e-001
  7.2691864e-001
  1.8825596e-001
 -1.2283043e-002
  1.1590595e-001
 -1.6277367e-001
  1.1266469e-001
 -1.7465130e-001
 -2.1527114e-001
 -3.1266662e-002
  2.8905844e-001
  3.2777533e-002
 -1.9193397e-002
 -2.4238893e-001
 -6.8747886e-002
  8.6713172e-002
  7.9142625e-002
  1.3146012e-001
 -2.5526287e-001
  2.3454031e-001
  6.3175887e-001
  1.2017502e-001
  1.3164234e-001
  7.0521411e-002
 -2.6380954e-001
  8.6410338e-002
 -3.8661998e-001
 -2.9589887e-001
  1.9549947e-001
 -2.7102977e-001
  2.5137956e-001
 -1.9425509e-001
 -6.6963065e-002
 -5.4424935e-002
 -5.9219887e-001
  2.5733014e-001
 -6.1628126e-001
  1.5380873e-001
 -1.1211758e-001
 -2.0711720e-001
  2.9091915e-001
 -2.6094056e-001
  4.8636980e-001
  4.0452838e-002
  5.2282826e-001
 -2.9695048e-001
  1.5382789e-001
  4.0566292e-001
 -2.6447466e-001
  7.9737815e-002
  4.0757720e-001
  1.0494193e-001
 -3.6657030e-001
  1.0065855e-001
 -3.3891357e-001
  3.6856831e-001
  3.4142793e-001
 -8.4117460e-001
 -9.3621136e-002
  2.0200545e-001
 -6.6321124e-001
  2.8799595e-001
 -1.2270462e-001
 -1.8284642e-001
 -1.0827637e-001
 -2.6137485e-001
  4.9950568e-002
 -1.5014045e-001
  2.6859884e-001
 -3.1975571e-001
  1.9365418e-001
 -2.1475510e-003
 -3.5750305e-002
  7.0971071e-002
 -1.5121954e-002
 -2.3299299e-001
 -2.3166100e-001
  4.4243764e-001
 -9.4153430e-002
  9.0552965e-002
 -2.1213068e-001
  1.5407961e-001
 -2.1665031e-001
 -1.5711102e-001
 -1.7481499e-001
  3.2391941e-001
 -2.9500508e-001
  2.6060657e-001
 -4.2067936e-001
  3.8317193e-002
  2.5791977e-002
  1.7636325e-001
 -2.5835360e-001
  1.0070762e-001
  2.2021920e-001
 -9.6434754e-002
  2.6665533e-001
 -2.3240616e-001
  4.7018566e-002
  3.4792877e-001
 -2.2980552e-001
 -1.7333239e-001
  3.6244667e-001
 -2.5196465e-001
  9.2017644e-002
 -9.7930893e-002
 -1.1674305e-001
 -2.4466279e-001
 -4.1979690e-003
 -1.1032470e-001
  2.1786257e-001
  2.3606296e-001
 -5.1047523e-001
 -2.6849641e-001
  1.4900238e-001
  4.1841332e-001
  3.5848993e-001
  1.8042329e-001
  2.9827564e-001
  5.8396254e-001
 -2.0885086e-001
 -5.9152462e-001
  1.0812896e-001
  4.7229912e-003
 -2.7645891e-001
  1.2856914e-001
 -9.5682763e-002
 -9.2360033e-002
 -2.5882551e-001
 -3.2446351e-001
 -3.2202999e-001
  9.8651654e-002
  4.0081342e-002
  2.3559735e-001
 -4.7039492e-002
 -2.3636446e-001
  5.2063654e-001
  1.8057969e-001
 -4.3707775e-001
  4.7774172e-001
  2.5780212e-001
  3.8600826e-001
  2.0276079e-001
  5.2412103e-001
 -3.2230822e-001
 -4.7552312e-001
  5.7132967e-001
 -2.6607791e-001
  6.0238191e-001
  8.1174758e-002
  2.7934177e-002
 -5.1156735e-001
  5.3450758e-001
 -1.6976020e-001
  2.6843904e-001
 -1.3812360e-001
 -3.7074316e-001
  6.6163234e-002
  2.7102786e-001
 -5.6707676e-003
 -3.7033097e-002
 -2.0453679e-001
 -2.5687064e-001
 -2.1834117e-001
 -1.0791598e-001
  4.8260650e-001
 -4.1043712e-001
  2.1235457e-001
 -4.3348955e-001
 -7.1130424e-001
  3.4868105e-001
  2.4918506e-001
  2.0523756e-001
 -3.7055247e-001
  5.7650326e-004
  3.2147416e-001
  1.8977236e-003
 -1.7044009e-001
  2.1352062e-001
  4.5834303e-001
  2.9361774e-001
 -9.7399284e-002
 -5.3479712e-002
 -2.3761332e-001
 -1.2185603e-001
 -1.0199930e-001
  4.3078409e-001
  3.4622852e-002
 -4.2530467e-001
 -2.4130423e-001
 -2.4329907e-001
  4.4445476e-002
  8.2356204e-002
  7.1278806e-002
  3.4243305e-001
  1.7444049e-001
 -3.7798606e-001
 -1.7308010e-001
  3.3058583e-003
 -3.4968786e-001
 -1.0598383e-001
  4.6681544e-001
  5.8528695e-001
 -2.4349683e-001
  2.5946758e-001
  5.0225035e-001
  3.9804603e-002
 -4.0358873e-001
  3.9753609e-001
 -1.6198579e-002
  4.4190348e-001
  2.7209218e-001
  5.1056334e-003
 -1.6638242e-001
 -3.8322392e-001
 -4.9948970e-001
 -1.9558909e-001
  1.4333354e-001
  1.6667239e-001
 -2.6513505e-002
  1.4592516e-001
  4.1095348e-001
  3.1933382e-001
  5.0016236e-001
  3.6882195e-001
 -1.0858049e-001
  2.4941110e-001
 -1.9538911e-001
  1.1473785e-001
  3.6904718e-001
  2.1668513e-001
 -2.6028795e-002
  1.2520628e-001
 -1.7684637e-002
 -2.2438512e-001
  3.1943515e-002
 -5.5828055e-002
 -2.8486799e-002
 -2.4539334e-001
  1.0104870e-001
 -4.5531185e-002
 -3.2657239e-001
 -1.9278486e-001
  4.8810542e-001
  1.1148408e-001
 -3.7192362e-001
  3.3513999e-001
  2.0544768e-001
 -4.0342922e-002
 -3.3006119e-001
 -3.4907668e-001
  3.3996872e-001
 -1.4202332e-001
  1.2949108e-001
 -1.6417817e-001
  2.6202834e-001
  3.8406971e-001
  1.0068846e-001
  2.5260506e-001
  1.0457873e-001
  2.4311892e-001
  7.0929974e-003
 -8.8583625e-002
 -6.9507040e-002
 -2.8664523e-001
  2.4491041e-002
 -2.8191598e-001
 -1.4243841e-001
  1.8654442e-001
 -2.2482653e-001
  9.9503195e-002
  5.5456523e-001
 -3.9735411e-001
 -3.2132960e-001
  3.2781096e-001
 -3.0334905e-001
  1.7729311e-001
 -1.2858459e-001
  8.0148073e-002
 -2.4497369e-001
  2.4532502e-001
 -1.5628686e-001
  1.7601459e-002
 -1.4106470e-001
  4.8116551e-002
 -6.6590273e-001
  4.1890551e-001
  6.0954597e-001
  1.2033471e-001
  4.0351778e-002
  5.9801272e-002
  5.3873966e-001
 -1.2713685e-002
  1.1089418e-001
 -1.6937843e-001
  3.7977791e-001
  4.6221606e-001
 -1.2828537e-001
  1.2596365e-001
  2.0066423e-001
 -2.9795497e-001
  1.0132086e-001
 -1.3442720e-001
  9.3304532e-002
  3.0133937e-001
 -1.0065581e-001
  3.2082412e-001
  1.2626596e-001
 -6.9505394e-001
 -2.3913580e-003
  5.5374713e-002
 -1.8172923e-001
 -2.2031070e-001
 -1.3375398e-001
  2.4266917e-001
  2.7268017e-001
 -1.8992336e-001
  5.7354620e-002
 -1.1469950e-001
  3.4760060e-001
 -3.3310813e-002
  5.6731738e-001
 -8.3519058e-002
  2.3530107e-001
  1.8359391e-002
 -1.6745011e-001
  1.1217014e-001
 -6.8319962e-002
 -1.1422666e-001
 -5.3614997e-001
 -1.3547227e-001
  5.2841375e-001
 -4.2695302e-001
  3.5671693e-001
  2.1880995e-001
 -2.5738789e-001
 -2.4024416e-001
 -1.3292501e-001
 -1.5696465e-001
 -5.4744249e-002
  5.7143482e-002
 -7.4158141e-002
  3.1763423e-001
 -2.5982047e-002
  2.7380763e-001
  3.1518236e-001
 -3.0300223e-003
 -3.8711735e-001
  2.4258207e-001
 -5.6304578e-001
 -3.0857821e-001
  8.3490754e-002
  1.7559839e-001
  1.2013306e-001
  2.8565273e-001
 -9.1851514e-002
  6.6579329e-002
 -3.8100957e-002
 -1.2534054e-001
  3.3102078e-002
  4.2920991e-002
  9.4913251e-002
 -1.2739737e-001
  2.0609340e-001
 -2.8590009e-002
 -3.5961099e-001
 -4.3489692e-001
 -2.2443541e-001
  3.4184990e-001
  2.6282385e-002
 -1.2221403e-001
 -9.3863811e-002
  1.0058353e-001
  1.2554461e-001
 -3.2013647e-001
  4.7514309e-001
 -1.1471984e-002
 -5.4336555e-001
  4.3796875e-003
 -2.1360846e-001
  2.2698233e-001
  1.2589168e-001
 -2.6079514e-001
  9.6167606e-002
 -1.2761261e-002
 -1.7758488e-001
 -1.1215957e-001
 -2.0290826e-001
 -1.0922909e-002
 -1.7933157e-001
  3.9430484e-001
 -5.7363137e-002
 -3.4851679e-002
  1.0241584e-001
  4.3938136e-002
 -4.2441565e-001
  1.1996586e-001
 -7.2907827e-002
 -3.2737338e-001
  9.0637448e-002
  6.4980828e-001
  1.0699684e-001
 -1.2436807e-001
  1.6283397e-001
  2.1102725e-001
  1.4234701e-001
  2.0151880e-001
 -3.5189451e-001
  1.7887834e-001
 -4.4770525e-001
 -8.7062123e-002
 -6.0514069e-001
 -3.1049344e-001
 -2.2937044e-001
 -4.5356255e-001
  1.2652716e-001
  3.2007969e-001
  3.6245272e-001
  8.2803730e-002
 -3.3745463e-001
 -5.5813030e-001
 -4.8704343e-002
  4.4264306e-001
 -3.4299113e-001
 -1.3497899e-001
 -5.7124703e-001
  1.1304146e-001
 -4.0111340e-002
  4.5280742e-001
  4.5429489e-001
 -9.5486108e-002
 -8.9163767e-002
  6.9888987e-001
 -1.1804535e-001
 -1.0474282e-001
  3.3076289e-001
  5.0840325e-001
  8.5461007e-002
  9.1359704e-002
  3.0968733e-001
  2.6636981e-001
 -1.2480766e-001
  1.2982885e-001
 -1.6223863e-001
  1.3127621e-002
 -3.4180080e-001
 -2.0858011e-001
  5.6802255e-001
 -4.5165977e-002
 -2.8642826e-001
  5.1883011e-002
 -5.1725692e-001
 -3.4416170e-001
  3.3477881e-002
  2.2703001e-001
 -3.3197964e-001
  5.7875200e-001
  2.1340210e-001
  2.3262620e-001
  1.9839933e-001
  8.1291555e-002
 -3.4562819e-001
 -1.6893449e-001
 -3.8680544e-001
 -3.4056992e-001
  1.8391297e-001
 -2.8511728e-001
  1.2495905e-001
  1.1154382e-001
  3.6942598e-002
 -1.3639061e-001
  2.9544552e-001
  1.9121835e-001
 -2.3499022e-001
  7.1906358e-002
  5.1800599e-002
 -1.1456712e-001
 -2.5282734e-001
 -5.7048721e-001
  1.3518405e-002
  9.7888972e-002
  8.8220095e-002
  4.9126944e-001
 -2.5648146e-001
 -1.3068443e-001
 -6.5305117e-001
  1.1263888e-001
  1.2838250e-001
  1.4634051e-001
 -1.2767388e-001
 -7.8279112e-002
 -1.2073775e-001
  7.2466352e-002
 -7.5472042e-002
  5.1974332e-001
  3.9074741e-001
  7.8047748e-002
  6.0765764e-001
 -1.4346811e-001
  1.4228466e-001
 -4.2180878e-002
 -3.0372284e-001
 -4.5259290e-001
  2.2251134e-001
  3.3702020e-001
 -3.4892594e-001
  3.3288640e-001
  1.4881320e-001
 -5.1873340e-002
 -1.6043478e-002
 -1.4472422e-001
  2.8816687e-001
 -2.0187893e-001
 -2.6241066e-001
  4.1738640e-001
 -4.0804103e-001
  4.1915914e-001
 -1.2283835e-001
  3.7429805e-001
 -1.8659355e-001
  1.7652940e-002
 -2.6182473e-001
  6.2633993e-002
 -3.6913681e-001
 -2.0008153e-002
 -5.4063691e-002
 -2.3313793e-001
 -1.2512867e-001
  1.2963512e-002
  4.4777757e-001
 -7.3203795e-002
 -5.2454923e-003
 -2.0244178e-002
  3.1814773e-001
  4.7373980e-001
 -5.8230433e-001
  7.0528887e-002
 -3.5964212e-002
 -1.4020913e-001
  5.7712514e-002
 -2.9081138e-001
  4.7361118e-001
 -5.0385241e-001
 -2.8846488e-001
  2.1351528e-001
  6.0843266e-001
 -4.8206717e-001
 -3.2537920e-001
  3.3647408e-002
  1.2733383e-001
 -2.5104932e-002
 -3.0654789e-001
 -2.3029392e-001
  2.4150887e-003
  2.7202271e-002
  6.3358598e-001
  1.7553444e-001
  3.0457948e-002
  3.0427833e-001
  1.4232999e-001
 -7.6481927e-002
  2.5880746e-001
 -2.3604060e-001
 -8.9155864e-002
  3.3726775e-001
 -7.8118281e-002
 -5.0269575e-001
 -4.4253698e-002
 -2.2229257e-001
  4.2170853e-001
  1.8641233e-001
 -5.0745765e-002
 -1.1628330e-002
 -1.2895659e-001
 -3.7932833e-002
  2.0452922e-002
  1.4512020e-001
  2.0297906e-001
 -3.6396975e-001
  1.2450104e-001
  1.5457633e-001
 -3.8908038e-001
  1.5933197e-001
 -1.8118587e-001
 -2.3016232e-001
  6.3835779e-001
 -1.3307866e-001
 -2.3728755e-001
 -3.6895382e-001
 -1.8485965e-001
  7.4424308e-003
 -1.4311316e-001
  5.0851254e-001
  2.0874024e-002
  2.4637498e-001
  2.5459386e-001
  2.1950296e-001
  6.2883767e-001
  1.8485472e-001
  3.6925708e-001
  4.4318584e-001
 -1.0016101e-001
 -9.0522310e-002
  3.5587351e-001
  1.0161150e-001
 -1.6849557e-002
  3.3172320e-001
 -2.4971227e-001
  3.3753576e-001
 -1.2893839e-001
 -4.5940116e-002
  2.2114214e-001
 -1.0552800e-001
  3.0810200e-001
 -8.9553770e-002
  4.0078797e-001
  1.4283857e-001
  4.3083761e-001
  3.4869191e-002
 -4.7163837e-001
  2.7366848e-001
  5.7236627e-001
  7.1061778e-002
 -1.2477501e-001
  2.2039078e-001
 -7.4510929e-002
 -2.1410053e-001
 -3.8361430e-002
  3.8167862e-001
 -2.0796248e-001
 -3.1537475e-001
 -2.4140504e-001
  2.9185500e-002
 -2.8348451e-001
 -4.2458405e-002
 -7.3454269e-002
 -7.6500736e-002
 -1.5483189e-001
  1.3721042e-001
 -1.6597629e-002
 -4.5918312e-001
  3.1284391e-001
 -3.1583117e-001
 -1.4304684e-001
 -3.0368548e-001
 -2.4993258e-001
  4.6852496e-001
 -8.9697541e-002
  1.0531256e-001
  1.0959533e-002
 -2.5154518e-001
  4.5089390e-002
  6.5312137e-002
  2.7705913e-001
 -4.1149660e-001
 -1.1376404e-001
 -3.4066679e-001
 -2.9050502e-001
  3.4316991e-001
  1.9618141e-001
  4.3353002e-001
 -4.9942368e-001
  4.3038981e-001
 -4.8191848e-001
 -5.7264129e-001
 -1.0311264e-001
 -1.7382102e-001
 -5.4450664e-001
  1.7165185e-001
 -3.4853041e-001
  2.1106161e-001
  1.0630977e-001
  3.1451051e-001
  2.8641474e-001
  2.7921008e-001
  5.4924594e-001
 -2.4836216e-001
 -4.2428879e-001
  2.5647450e-002
 -4.9412529e-001
 -1.4219194e-001
  5.5687750e-001
  1.4702270e-001
 -2.0169281e-001
  7.1013176e-002
  2.5124781e-002
 -1.9327280e-001
 -1.1932589e-001
 -5.6712102e-001
  4.3074587e-002
 -4.0869079e-001
 -3.4678115e-001
  3.1507401e-001
 -1.9941838e-003
  3.3668035e-001
  3.2967991e-001
 -5.9250653e-002
  6.0415349e-003
  6.1089750e-001
 -3.3140470e-001
 -4.3796937e-001
  4.2737420e-001
  4.1534551e-002
 -2.0442336e-001
 -1.7324054e-001
  5.1815281e-002
 -8.4108021e-002
  7.2951791e-002
  3.2311375e-001
 -2.4633737e-001
 -3.1454059e-001
 -6.3308233e-002
 -4.9430022e-001
  5.3166400e-001
 -4.5293562e-001
  4.9610943e-002
  6.4248187e-002
  4.3227988e-001
  1.4597446e-001
 -3.2218427e-002
  3.6088138e-001
 -3.1650684e-001
 -4.4792966e-001
 -1.6586198e-001
 -3.5673688e-001
 -1.1175991e-001
 -2.2671824e-001
 -1.6845587e-001
 -2.0059005e-001
  5.7027672e-002
 -2.8575062e-001
 -5.9854606e-001
 -3.4835764e-001
 -3.7009801e-001
 -4.8308972e-001
 -2.7183520e-001
 -3.3365232e-002
 -7.2323196e-002
  2.2757919e-001
 -2.8046248e-001
  2.3128491e-001
  5.1717156e-002
  1.7127722e-001
 -5.2107359e-001
  2.9037491e-001
  1.0968461e-002
  7.9354833e-002
  1.0301435e-001
 -5.5409754e-001
  1.0458965e-001
  1.3958955e-001
 -6.5356812e-002
 -6.1965166e-001
  4.3258931e-001
  2.9006636e-001
  1.8615600e-001
 -1.4497214e-001
 -2.9193466e-001
  4.5200951e-001
  4.5337139e-001
 -2.1222757e-002
  2.7737681e-001
 -2.9326906e-002
  3.0554792e-001
 -5.5734046e-001
  2.1240012e-001
 -3.8103771e-002
 -1.7114945e-004
 -6.2870452e-001
 -1.6574750e-001
  1.0077977e-001
  4.0582535e-001
  2.2846064e-001
 -7.4761241e-002
 -2.5133377e-001
  4.4194540e-001
  2.3609849e-002
  1.6680440e-001
 -5.2191862e-001
 -1.7842758e-001
 -2.0915085e-001
  2.8349031e-002
 -3.8721893e-001
 -5.7367518e-002
 -3.2520095e-002
 -4.8441598e-002
 -1.4411389e-001
 -6.4104812e-002
  1.0223720e-001
 -1.9088071e-001
 -8.7789135e-002
  9.5590233e-002
 -3.8746129e-001
 -3.1847261e-001
  1.5353020e-001
 -3.5858801e-001
  2.5537397e-001
 -8.5103768e-002
  7.4318640e-002
  3.7823566e-001
  1.8078996e-001
  1.1920442e-001
 -6.1895391e-001
 -1.0276514e-001
  2.6717228e-001
 -1.2230660e-001
 -1.4328017e-001
  2.0914090e-001
  2.3419452e-001
 -2.6647743e-001
 -7.2584714e-003
  1.2187884e-001
 -9.1116336e-002
  3.4437565e-001
 -1.1562947e-001
 -5.3533571e-002
  2.8855239e-002
  8.0115638e-002
 -2.2312221e-001
  3.5855198e-001
 -4.8372327e-001
 -4.1111930e-001
 -7.8776016e-002
  5.8178025e-002
  8.2918907e-002
 -1.8796389e-001
 -1.5543259e-001
 -3.5449174e-002
 -1.9651858e-001
 -3.2996011e-001
 -1.7446980e-001
 -1.8823069e-001
 -5.0670762e-001
  6.4271059e-001
 -1.2713285e-001
 -7.8152460e-002
 -3.3606974e-001
  4.1244583e-001
 -1.4845046e-002
 -6.9200192e-001
  1.4619839e-001
 -1.8481596e-001
  2.1908242e-001
  5.2606271e-001
  1.3725910e-001
  4.5350518e-002
  7.4726522e-002
  1.5240221e-001
 -4.0201367e-001
 -4.4497404e-002
  2.7315488e-001
 -3.5866625e-001
  9.2065398e-002
  4.3862237e-001
 -1.8924576e-001
 -3.3735871e-002
 -3.0757571e-001
 -1.2481431e-001
  2.5208247e-001
 -2.9277546e-001
  5.8213847e-001
 -4.0270056e-002
 -5.2698126e-001
 -3.3993109e-001
  3.4165712e-002
  1.1589804e-001
  4.3238423e-001
 -1.6895550e-001
 -2.1111369e-001
  2.6162548e-001
  3.9793359e-001
  5.3738403e-001
  1.1518542e-001
  9.2790920e-002
 -4.8255474e-001
  5.1085038e-001
  1.9704791e-001
 -3.8528276e-001
  1.2570931e-001
  7.4702720e-002
 -5.5250446e-001
 -6.0822061e-001
 -2.6134525e-001
  5.7472427e-001
 -1.0637844e-001
 -2.3210325e-001
 -5.4198082e-001
  6.2861243e-001
  3.4650305e-001
  1.2391488e-001
 -1.2248537e-001
 -7.4893352e-002
  3.7930288e-001
  2.9582990e-001
 -9.7464708e-002
 -2.4492438e-002
 -5.6873687e-001
 -1.1266670e-001
 -1.1577984e-002
  1.6022362e-001
  5.3886265e-002
  5.6130921e-001
 -2.5190349e-001
 -1.3484958e-001
  3.0906196e-001
  5.8897705e-002
 -2.7469806e-001
  3.9942166e-001
 -1.4205224e-001
 -4.7492551e-002
  2.9581330e-002
 -3.1860192e-001
  2.4075416e-001
 -2.1364034e-001
  9.4604699e-002
 -1.0582634e-001
  3.4191963e-001
  1.2437822e-001
 -2.5072788e-001
 -4.1025085e-001
  2.8049273e-001
  1.1239731e-001
 -3.5597878e-001
 -6.3348117e-001
  3.2907592e-002
  4.5112932e-001
  4.2803381e-002
 -3.4909139e-002
 -2.8771816e-001
  5.9959965e-001
 -8.5441455e-002
 -1.6015858e-001
 -6.0778672e-002
 -3.8117011e-001
  2.0348228e-001
 -1.6956400e-001
 -1.8350711e-001
 -2.5166750e-001
  3.3766838e-001
 -7.1840830e-002
  6.5157023e-002
  7.5656123e-002
 -1.1305771e-001
 -3.4223936e-001
 -2.8804768e-001
  2.7078038e-001
  9.2590154e-002
 -9.2770481e-002
  3.2282366e-001
 -7.1026859e-002
  4.1417952e-001
 -1.2820774e-001
  4.6520077e-001
  3.9555232e-002
 -3.8531569e-002
  8.8543348e-002
  3.0148210e-001
  4.7031452e-001
 -2.1908358e-001
 -7.8134894e-002
  4.4363748e-001
 -2.3489922e-001
  2.5475965e-001
 -6.8324906e-003
  2.6160029e-002
  1.7538473e-001
 -3.2645815e-002
 -3.9130861e-002
 -1.0377541e-001
 -3.6456790e-001
  2.5235733e-001
  1.9051791e-002
  8.0096592e-002
  4.7648382e-001
  1.0957535e-001
  4.2293612e-002
 -3.8265664e-001
  2.6627263e-001
  8.8522599e-002
  2.0886237e-001
  1.6732575e-001
  2.5693757e-001
  6.2591852e-001
 -1.2843482e-002
 -6.1136383e-002
 -3.3949361e-001
  4.8864869e-001
  7.3166513e-002
  4.8793251e-001
  2.6166408e-001
  5.9619067e-001
 -2.3466196e-001
  8.0609617e-003
  3.1143414e-002
  1.6770761e-001
  5.6487875e-001
  2.6487066e-001
  2.9392719e-001
  1.3443504e-001
 -1.7304780e-003
  9.2012035e-002
 -4.4185451e-001
  7.8828849e-002
  2.7394603e-001
  5.0690658e-001
 -3.8830042e-001
  3.0095086e-001
  5.1661174e-001
 -2.5013446e-001
 -2.3625771e-001
 -2.0779337e-001
 -2.7543059e-001
  4.8881592e-001
 -8.6022565e-002
 -6.0565255e-002
  4.4141945e-001
 -2.3184395e-001
 -1.7148953e-001
  2.4640940e-001
 -3.2651783e-001
  2.7759997e-002
  3.3630102e-001
 -3.6270675e-001
 -1.3703319e-001
 -2.6733046e-002
 -3.9365369e-002
  4.0472113e-001
 -4.1963623e-001
  5.1535137e-001
 -3.0839086e-001
 -3.9323166e-001
  3.4971015e-001
  3.3261843e-001
  5.3972832e-002
  1.8336076e-003
  4.6460471e-001
 -4.5537537e-001
  7.5636798e-002
  3.0841553e-001
 -4.5585847e-002
  3.8069274e-001
  2.4571444e-001
 -1.9274546e-001
 -2.6044519e-001
 -2.2395246e-002
 -4.5717097e-001
  2.3473407e-001
  5.5138383e-001
  1.0970139e-001
 -2.4813940e-001
 -2.3285657e-001
 -3.7430679e-001
  1.6239296e-001
 -7.6877053e-003
 -4.4833926e-001
  3.0095252e-001
  2.0998648e-001
 -4.0174471e-001
  5.6972173e-001
  2.7547603e-001
  1.2972723e-001
  4.8158761e-001
  2.3183877e-001
  5.6425122e-003
  3.2949731e-001
 -1.0464764e-001
 -9.7563172e-003
  5.1525288e-002
  2.7802486e-001
 -9.9898972e-002
 -4.9353192e-001
  3.0725312e-001
 -2.8282670e-001
  2.8946946e-001
 -5.5282146e-001
  1.6034801e-001
 -4.4256799e-001
  5.0272796e-001
 -5.5944706e-001
  1.2813619e-001
 -1.9919427e-001
 -1.6040891e-001
 -2.6745816e-001
 -6.6264875e-001
 -5.0044847e-001
  1.4370151e-001
 -2.9140289e-001
  3.6099036e-001
  3.0817370e-001
 -5.0487150e-003
  7.8450616e-002
  5.9213232e-001
 -4.3557353e-001
 -3.3946176e-001
 -2.8943822e-001
  1.4210744e-001
 -2.6683738e-001
  4.0246817e-001
  5.5358956e-001
  1.5223597e-001
  5.1843395e-001
  3.7788124e-001
 -1.4832896e-001
 -2.3389648e-001
 -3.6060213e-001
  2.1970987e-001
  1.5735980e-001
 -2.6343649e-001
  1.1813954e-001
 -2.2377536e-001
 -1.0892263e-001
 -1.7891720e-001
  2.6936204e-001
  6.2436887e-001
 -2.1727147e-001
 -1.7316443e-001
  6.4400090e-002
 -5.7575620e-001
 -2.8536443e-001
  7.5653290e-002
  5.6592755e-001
 -4.3787271e-001
 -1.0609109e-001
  2.3321253e-001
  6.1502865e-002
  6.2574653e-002
  5.0666232e-002
 -1.0437364e-001
  4.0828395e-001
  2.7410165e-001
  4.4275759e-001
 -3.3843049e-001
  2.6671553e-002
 -4.6095816e-001
  3.2837484e-001
 -5.1042609e-001
  2.6676844e-001
  9.2208290e-002
 -1.3673396e-001
 -1.5754064e-001
  2.9872916e-001
  5.0998493e-001
 -4.3281017e-001
 -3.0707995e-002
 -5.9512922e-002
 -8.1674932e-002
 -2.5853193e-001
  5.8853085e-002
  1.1975140e-001
 -2.1353287e-001
 -8.3876311e-002
  1.4911668e-002
  2.7017107e-001
  2.2616282e-002
  8.8628687e-002
 -1.7645320e-001
 -9.3566865e-002
 -4.2992321e-002
  4.7631221e-001
 -1.9485849e-001
  4.1199151e-001
 -2.3811320e-001
  8.8040626e-002
 -4.3220316e-001
  5.2032054e-002
  2.2350614e-001
 -6.0529559e-002
  1.0914130e-001
  8.6408022e-002
  9.8083177e-002
 -2.9135507e-001
 -1.0893875e-001
 -1.4471396e-001
 -1.9282825e-001
  6.6717122e-001
 -2.0673554e-001
 -1.3848962e-001
 -2.1289858e-001
 -2.9801065e-001
 -5.0435936e-001
  1.1707712e-001
 -1.7238018e-001
 -5.1687980e-001
 -1.1224307e-001
  1.2091183e-001
  1.2236373e-002
  3.5128706e-001
  2.2905559e-001
 -4.6833587e-001
  2.2707007e-001
 -2.3269000e-001
  3.1481859e-001
 -1.6544074e-001
  1.7140279e-001
 -2.4670291e-001
  1.0581179e-001
  2.1631097e-001
 -1.6900025e-001
  4.7423998e-002
 -2.7535034e-001
 -2.7878503e-001
  2.8079537e-001
  6.7254416e-001
 -2.7031004e-001
  1.9842770e-001
 -1.6911908e-001
  1.9474595e-001
  6.9568736e-002
 -2.8907703e-001
  3.6054448e-001
 -1.3140765e-001
 -5.8222120e-001
 -8.4315126e-002
  3.7447469e-001
  2.7147427e-001
  1.7439060e-001
 -2.5093484e-001
  4.9137420e-002
  5.0379416e-001
  2.6690435e-001
  6.8960260e-002
 -2.2022088e-001
 -5.7327130e-001
 -2.0513134e-001
  1.7525564e-002
 -5.5980198e-002
 -3.1337004e-001
  1.5145143e-001
  5.6422311e-001
  4.3551710e-001
 -1.0519641e-001
  7.3265600e-002
 -3.2881281e-001
 -3.3843606e-001
  4.1917959e-003
  1.8509123e-001
  6.0562076e-001
  2.0592033e-001
 -4.0005047e-001
 -1.1256252e-002
  1.8717271e-001
  3.1017119e-002
  3.8800039e-001
  2.3685660e-001
 -1.5332047e-002
  2.9042459e-001
 -2.7807145e-001
 -1.8368030e-001
 -4.3279269e-001
 -2.9084075e-001
 -3.0549109e-001
 -2.8997389e-004
  3.8585306e-001
  3.1370974e-001
 -7.9971603e-002
  7.6193321e-002
 -4.3413612e-001
  2.2392913e-002
 -6.8402853e-002
  1.2978442e-001
 -3.8723229e-001
 -2.3501792e-001
  1.4697958e-002
 -1.0048416e-001
  4.2931291e-001
  2.4229183e-001
 -3.5994200e-001
 -1.4166409e-001
 -2.9205399e-001
  6.0014415e-002
  5.3279645e-001
 -4.0966055e-001
 -1.7677878e-001
  7.7240604e-003
  4.9787213e-002
 -1.6282687e-001
 -2.9559464e-001
  5.6254441e-001
  3.7643575e-001
 -4.9043878e-001
 -4.4405874e-002
  9.7249613e-002
 -5.2203870e-001
  1.3181279e-001
 -2.7122917e-001
 -7.2833269e-002
  4.9235772e-001
 -3.7349698e-002
 -5.5627307e-002
 -4.1954296e-001
 -3.5675663e-002
 -2.7002014e-001
  1.9868708e-001
 -1.4346151e-001
  2.9655995e-001
  1.3030441e-001
 -5.4370139e-001
  1.3697121e-001
  2.0374839e-001
 -3.7024332e-001
  3.3189537e-001
 -5.6723685e-001
 -2.3150328e-002
  3.8855903e-001
 -4.0863464e-003
  4.8728241e-001
  3.3555118e-001
  7.9261974e-002
  2.0397499e-001
  5.6575048e-001
 -3.7435225e-001
  6.5492445e-001
  3.5565896e-002
  2.7970847e-001
  4.4710450e-001
  1.4482456e-001
  2.8528218e-002
  2.6047860e-001
  4.7975462e-002
 -2.1507715e-001
 -2.3817043e-001
  2.7827940e-001
 -2.2771699e-001
 -4.4779087e-001
  3.5767218e-001
  3.1018819e-001
  9.4731301e-003
  5.1450741e-002
  5.8809424e-001
  1.9237366e-001
  2.3145190e-001
  5.5897963e-001
  2.7605530e-001
  2.4660067e-001
  9.5643548e-002
  6.0625749e-002
 -8.8819456e-003
 -1.6353888e-001
  1.9540830e-001
 -2.6874139e-001
 -3.6122529e-002
 -5.4662117e-002
  2.8403763e-001
 -2.8822458e-002
  3.0106214e-001
 -1.4837030e-001
  4.8583139e-001
 -3.5092055e-001
  1.5091919e-001
  5.3848591e-001
 -7.0171983e-002
  2.8649561e-001
  5.4846747e-001
  7.1941645e-002
  5.2015968e-001
  1.1165387e-001
 -1.6515655e-001
 -1.9521597e-001
 -5.5249355e-001
 -5.4876941e-001
  2.1384892e-002
 -2.5161620e-002
  3.8011908e-001
  8.8132599e-003
  2.3769758e-001
  2.5217475e-001
 -2.5474097e-002
  3.5038666e-001
 -4.6157197e-001
  7.5490006e-002
 -1.5705109e-001
 -1.5675568e-001
  2.5658821e-001
  1.1748601e-001
  1.4495937e-001
  1.7380698e-001
 -3.9438697e-002
 -5.9103234e-001
 -2.6709815e-001
  2.9774923e-001
  3.4529604e-001
 -2.2112377e-001
 -2.6169794e-001
  3.6210314e-001
  2.6104264e-001
 -2.7820499e-001
 -4.5448724e-002
 -9.2105046e-002
  1.2603215e-001
  5.7084878e-001
  5.0854397e-002
 -6.7431203e-002
  1.0027623e-001
 -5.0478678e-001
  3.1440955e-001
  4.8011572e-001
 -1.5844194e-001
 -2.9478070e-001
 -4.6318515e-001
 -1.4343653e-002
 -3.1580040e-001
  3.1278076e-001
 -3.7708323e-001
  1.9033432e-001
  4.2092505e-001
 -7.0732922e-002
  3.5893921e-002
  3.4196690e-001
  4.6464249e-001
  4.0282981e-001
 -2.2668040e-001
 -2.8015194e-001
  1.9259819e-001
 -2.8391580e-001
  7.0906229e-003
  3.6225776e-001
  3.4620421e-001
 -2.9855823e-001
  2.7580932e-001
  1.0479019e-001
 -3.6083172e-001
  3.8110566e-001
  2.9699221e-001
 -3.0223314e-001
  4.8082682e-001
  3.4091670e-001
 -7.2397149e-002
  9.8827960e-003
  3.6531352e-001
  6.0418758e-001
 -2.5487134e-001
  1.6252272e-001
 -8.2486893e-002
  1.6071740e-002
  2.9128010e-001
 -1.2238804e-001
  7.1378720e-002
 -1.5718930e-001
 -3.2696963e-001
 -1.9838240e-001
 -4.0180463e-001
 -6.5309043e-001
  4.7967769e-002
  1.9235097e-001
 -9.5351065e-002
 -8.2034363e-002
  1.6513857e-001
  7.8450003e-002
 -1.5797159e-001
  8.2876370e-002
 -3.3332423e-001
 -2.5208318e-001
 -2.4336520e-002
  1.3493017e-001
  1.1789951e-002
 -2.3630641e-001
  1.2029755e-001
 -1.7077118e-001
 -2.9279715e-002
  1.6467550e-001
  1.1432769e-001
 -7.5692225e-002
 -3.1934320e-001
  5.1383741e-001
  5.3007153e-001
  4.5138121e-001
 -5.3367777e-001
 -2.8749254e-001
 -5.4088748e-001
 -1.0749211e-001
  7.8203513e-002
 -1.6445311e-001
 -7.9160248e-003
  3.4203717e-001
  3.6601648e-002
 -1.1215937e-001
 -1.7686186e-001
 -2.6309667e-001
  3.7089248e-001
  2.8536292e-001
  2.4567267e-001
  1.6326691e-001
 -3.2741375e-001
  1.9540700e-001
  1.8221155e-001
 -1.9761476e-001
 -2.0391109e-001
  6.1022624e-001
  8.9833709e-002
 -1.0008764e-001
 -1.9571058e-001
  6.2309914e-001
 -2.5063998e-002
  5.5172509e-002
 -1.3491786e-001
  3.5731645e-001
  2.8200580e-001
  8.3964119e-002
  1.9412034e-002
  5.6389204e-001
  2.1773541e-001
  1.3119726e-001
 -2.2963100e-001
  1.6800667e-001
  2.3121725e-001
  4.4309510e-001
 -5.6090296e-001
  4.7445354e-001
 -2.6100797e-001
  2.4249419e-001
  3.2269560e-001
  2.2966571e-003
  1.1011151e-001
  1.2903552e-001
  1.3169239e-002
  5.6699596e-001
 -4.5210869e-001
  2.3892725e-001
 -1.1960935e-001
 -2.4720629e-001
  1.4058564e-002
 -5.0029556e-001
  4.1317084e-002
  3.0359449e-002
  3.8569344e-001
 -3.9858084e-001
  3.1738798e-001
  4.5128495e-001
 -3.4594824e-001
  5.0103451e-002
  4.2647078e-001
  3.5310505e-001
  4.3441805e-001
 -1.8266475e-001
 -3.6914793e-001
 -5.2596504e-001
 -1.0916287e-001
  3.7449491e-001
  4.4902608e-001
  1.9891650e-001
  6.5827403e-001
 -4.8383783e-001
 -2.0888437e-001
 -3.6719587e-002
  6.0557873e-003
 -3.3043307e-001
 -6.4269950e-002
 -2.2659693e-002
  2.4300384e-001
  1.4976045e-001
 -2.5652555e-001
  3.9054849e-001
 -3.0371096e-002
  1.7693644e-001
  4.6354242e-001
 -8.2319150e-002
  7.6346306e-002
 -2.7693018e-001
 -3.6088951e-001
 -7.8657372e-002
 -7.2112281e-002
 -9.3110582e-002
  4.3130785e-002
 -5.6562082e-001
  6.1421016e-001
  6.6553744e-002
  2.8241783e-001
  6.9365255e-001
  2.0593281e-001
 -9.3990648e-002
 -1.7436032e-001
  9.2418652e-002
 -2.1394307e-002
  4.7942084e-001
  1.9663569e-001
 -2.3286102e-001
  5.9229352e-002
 -6.4453955e-002
  8.7417398e-002
  4.5813912e-001
  2.9948751e-002
  5.7168705e-001
  2.0781668e-001
 -1.5997189e-001
 -5.3539330e-001
  3.5280366e-002
  9.0603858e-002
  1.8153095e-001
 -5.1103315e-002
  5.7524990e-002
  2.6936164e-001
 -5.1550419e-001
  3.4340890e-001
 -2.4036587e-001
 -2.2563162e-001
 -1.4422864e-001
  4.4681345e-001
  7.5022556e-002
  2.3049438e-001
  1.4767977e-002
  5.8229356e-001
 -3.2024181e-001
  1.9650261e-001
  5.1399251e-001
 -2.1091276e-002
  5.7445714e-001
 -8.4592612e-002
  1.2429028e-001
 -6.4898926e-002
  3.7290178e-001
  8.6392588e-002
 -6.6645118e-002
  6.2511404e-003
  1.2444371e-001
 -9.3960037e-002
  1.9583019e-002
  3.8533782e-001
  4.9436216e-002
  4.8880322e-001
  4.0858423e-001
  1.0195714e-001
  1.1689147e-001
 -1.2094594e-001
  2.7226237e-001
 -2.7030426e-001
  1.2299841e-001
  8.6369757e-002
 -4.8516874e-001
  1.5064723e-001
  3.7284563e-001
 -6.7482022e-001
 -8.7511218e-002
 -3.2598483e-001
 -2.9768932e-001
 -1.8270982e-001
 -1.4297215e-001
  3.5885695e-001
 -1.1796720e-001
 -2.2764530e-001
 -6.6835330e-001
  5.6112226e-002
 -1.5032000e-001
  3.8314639e-001
  3.1758053e-001
 -3.3348309e-001
 -3.2721455e-001
  1.5076402e-001
  1.3519720e-001
  2.2110887e-002
 -1.2136394e-001
 -2.4570756e-001
 -4.7171186e-001
 -1.4150599e-001
  2.3416954e-001
 -1.9952643e-001
  4.3206324e-001
  2.9213285e-001
  4.2492133e-001
  2.4143177e-001
  5.8720622e-001
 -2.5424841e-001
 -4.0037593e-002
  2.2507875e-001
  7.1968771e-002
 -7.2267985e-002
  2.8933878e-001
  2.6447469e-001
  2.7211408e-001
  3.2011281e-001
  4.5176756e-001
 -4.6341756e-001
 -1.8805211e-001
 -1.9955282e-001
  4.5209211e-001
  1.8970966e-001
 -4.9444970e-001
  6.8846697e-002
  4.8528724e-001
 -2.7474552e-001
  5.2568404e-002
 -2.2208293e-001
  2.8242842e-001
  1.0198507e-001
  4.1274431e-001
  2.4441596e-001
  3.6910811e-002
 -4.1213289e-001
  4.2465195e-001
 -8.9254073e-002
 -1.5158387e-001
  1.5933483e-001
 -4.3367639e-001
  4.9608948e-001
 -1.9359571e-003
 -1.1348364e-001
 -1.5383226e-001
  1.5474472e-001
 -2.4136865e-001
  3.3141056e-001
 -4.1800009e-001
 -1.5189804e-001
 -1.6070819e-001
 -4.9624490e-001
  2.3546563e-001
 -4.4787643e-001
  1.9939846e-001
 -3.3429261e-001
 -3.6751389e-002
  2.4969726e-001
  8.8222278e-003
 -4.7172195e-001
 -3.1608546e-001
  3.7727207e-001
 -1.5782624e-001
  1.3143061e-001
 -1.2793562e-001
  2.3671858e-001
 -5.3630939e-002
 -6.4026283e-001
  4.3290584e-001
  2.0373909e-001
 -2.4946153e-001
 -8.0778934e-002
  3.8770401e-001
 -5.1326313e-001
  2.3402899e-001
  2.6632154e-002
 -6.9345441e-002
  3.8029099e-001
 -4.6971476e-001
  4.2764210e-001
  3.1448659e-001
  7.9931661e-002
  1.8080925e-001
 -2.4502649e-001
 -9.9351231e-003
  7.6610704e-002
 -3.4541041e-001
 -3.7771665e-001
 -4.1929256e-002
 -1.8796805e-001
 -2.2587362e-001
  2.0801197e-001
 -6.6783533e-002
 -2.3223888e-001
  1.5231608e-001
  2.3370440e-001
  4.4273594e-001
 -3.0274242e-001
  1.2781131e-001
 -4.1843077e-001
 -7.1607848e-002
  4.1406750e-001
 -5.6435673e-001
 -1.8293611e-001
  5.0344638e-001
  4.1878064e-001
 -4.9321460e-001
 -3.6345675e-002
  1.1907550e-001
 -3.2298409e-001
  9.2945930e-002
 -3.3135508e-001
  1.7811864e-001
 -3.7517715e-001
 -1.9896267e-001
 -1.0577669e-001
  4.4606854e-001
 -3.7286315e-001
  2.2887212e-001
 -4.8033123e-001
  8.7867173e-002
  5.7729142e-002
 -4.3128272e-001
  1.5808953e-001
  1.6546162e-001
  1.7715054e-001
  4.1835570e-001
  1.3520521e-001
 -5.7704857e-001
  1.5425867e-001
  1.3525545e-001
 -1.7491876e-001
  1.5520624e-001
  5.5963088e-001
  2.3549237e-001
  9.8888606e-002
  2.1098573e-001
 -4.3967972e-001
  1.4275689e-002
  1.2668647e-001
  1.2058806e-001
 -2.6472754e-001
 -4.8734351e-001
 -3.5217027e-001
  5.9126358e-001
  6.4568057e-001
 -4.2620052e-003
 -5.1585896e-001
  1.7153462e-001
  1.1162317e-001
  4.9972223e-001
  1.2361650e-001
  3.6900763e-001
  2.8422455e-001
 -1.5253336e-002
 -2.3118356e-001
  9.7598223e-002
  1.8580470e-001
  4.2810511e-001
 -3.3610831e-001
 -1.3608448e-001
  3.6845813e-001
 -1.1377578e-001
 -1.4546197e-001
 -8.5810365e-003
  4.8076527e-002
  1.9127215e-001
 -1.1198566e-001
 -1.8360770e-001
  2.0819354e-001
  3.4128800e-001
  1.4268273e-001
 -1.1430617e-001
  6.3677849e-001
  5.7523604e-001
  2.6128801e-003
  1.9782980e-001
 -9.8189628e-002
 -4.9586788e-001
 -1.9561129e-001
 -6.0870189e-002
 -6.4897902e-001
 -3.1413373e-001
  5.6912864e-002
 -2.8509351e-001
 -1.1146513e-001
 -1.3170606e-001
 -2.7343691e-001
  4.5250054e-001
 -2.2532004e-001
  3.7939203e-001
  1.0005114e-001
 -5.1444060e-001
 -3.2866727e-001
 -8.7454956e-002
 -2.7246656e-001
  1.1157112e-001
  8.3437051e-002
 -2.0784699e-002
  1.6709122e-001
 -4.6778269e-002
 -2.9000410e-001
  4.2422905e-001
 -8.9098033e-002
 -2.8449327e-001
 -9.3988540e-002
 -9.0821683e-002
 -2.4555678e-001
 -3.5621729e-001
 -1.5869451e-001
  4.9136731e-002
 -2.9004118e-001
 -2.6947074e-001
 -2.2157007e-001
 -3.6475273e-001
 -4.4171465e-001
 -4.7238357e-002
  2.6757706e-001
 -3.8562745e-001
  2.6444296e-001
  4.4539002e-001
  4.4977458e-002
  1.9015234e-002
  4.5700175e-001
 -2.0210352e-001
  2.6750070e-001
 -5.7492607e-003
  2.3262924e-001
 -1.3425457e-001
  3.9415404e-001
  3.2327499e-001
  1.1580301e-001
  2.1467028e-001
  2.3292157e-001
 -1.9260168e-002
  3.6469033e-001
  2.9772701e-001
  2.5944179e-001
  1.6780045e-001
 -1.5814770e-001
 -4.4672749e-001
  6.2878531e-001
  2.2889471e-001
  2.8112186e-001
 -7.7395724e-002
 -3.3789120e-001
  2.2400819e-001
 -1.2381771e-001
 -2.0842977e-001
 -9.8687370e-002
  1.7850580e-001
  9.5031094e-002
  2.6664000e-001
 -7.0421318e-002
  4.2559033e-002
 -3.3620692e-002
  1.2926221e-002
 -2.0405840e-001
  7.5206997e-002
  4.6786748e-001
 -1.9069301e-001
  8.7718226e-002
  9.4255122e-003
 -3.1420672e-002
 -1.0696978e-001
 -1.5463188e-001
 -4.0549630e-001
 -9.4066854e-002
 -4.4787586e-002
  1.3164822e-001
 -1.3841853e-001
  4.3043186e-001
 -5.8944640e-002
 -2.8179142e-001
  2.6778950e-001
  2.7653623e-001
  2.5388633e-001
  1.8052514e-001
  4.2984224e-001
 -6.9678454e-002
 -4.1177094e-001
 -2.0769484e-001
 -2.2420767e-001
  3.3939920e-002
  4.6142430e-001
 -1.5593993e-001
 -3.7910937e-001
  3.2451766e-001
  3.5047101e-003
 -1.5859412e-001
 -9.0010106e-002
  9.2345370e-002
 -1.4874478e-001
 -1.0664854e-001
 -8.3757646e-002
  2.9854716e-001
  3.5296472e-001
  2.2671303e-001
  2.1949598e-001
 -3.9600990e-002
  2.4615855e-001
 -4.8279382e-001
  2.6937429e-001
 -5.1870302e-002
 -4.8917704e-002
 -1.3940792e-001
 -2.6909120e-002
  3.3152184e-001
  4.8206969e-001
 -2.5005547e-001
  2.0183485e-002
 -2.1369807e-001
 -1.9614731e-001
  4.2658341e-001
  2.9977036e-001
  3.3169006e-001
 -2.7436016e-001
  2.5274531e-001
 -1.4289186e-001
 -2.5718536e-001
 -1.5025277e-002
 -1.9664157e-001
  3.6270940e-001
 -4.4538042e-001
  3.4156521e-001
  1.5615174e-001
 -2.3562410e-001
 -2.3787576e-001
 -2.4032543e-001
 -1.2852071e-002
 -3.2137884e-001
  1.0382872e-001
 -3.9174817e-001
 -1.4503468e-001
  2.6024118e-001
 -5.4577970e-001
 -5.5612660e-001
  1.4561267e-001
  2.9999919e-001
 -4.6455295e-001
 -8.8756532e-002
 -2.5641393e-001
 -1.8399644e-001
  2.2187214e-001
 -1.3594705e-001
  2.8143012e-002
 -2.2711129e-001
  2.9384198e-001
 -4.8254009e-002
 -5.8232679e-001
  1.0193055e-001
  1.8517479e-001
 -2.8630662e-001
 -1.9043722e-001
  9.6835235e-002
 -6.8051079e-002
  1.9465810e-001
  8.4419817e-002
 -7.5599370e-002
  5.1315093e-001
  8.2899540e-002
  2.9279033e-001
  5.5245536e-001
  2.4618558e-001
  4.4349835e-001
 -7.7797612e-002
 -3.6356466e-001
  2.5401953e-001
 -4.0916495e-001
 -1.8600282e-001
  5.7075699e-002
  5.4043401e-001
  5.8777753e-002
 -3.4837905e-001
 -5.0180285e-002
  2.8320655e-001
  3.8629951e-001
 -4.7026830e-001
  2.2012070e-002
 -2.7822114e-001
  1.4803878e-001
  7.7005030e-002
 -5.4901658e-001
 -4.0961080e-002
 -1.9163605e-001
 -9.7489201e-002
  4.8859585e-001
 -1.1630436e-001
 -5.6275412e-001
  9.0313255e-002
  9.6706274e-002
  2.4948515e-001
  6.1550184e-002
 -6.3547030e-002
 -3.1469066e-002
  2.2260742e-001
  2.5625496e-001
  1.3794413e-001
 -3.8825860e-002
  2.3444306e-001
 -1.1539086e-001
  1.0164162e-001
  2.1208471e-001
 -3.2033219e-001
 -7.1395276e-003
  4.5408688e-001
 -3.1262408e-003
  9.8521891e-002
  1.2072436e-001
 -2.5658219e-001
  2.8557590e-001
  5.5231633e-001
  4.1701984e-001
 -5.5016390e-001
  4.0153464e-001
 -1.8776770e-001
  4.3514210e-001
 -5.8346706e-001
 -1.0057082e-001
 -1.2989656e-001
  3.8309886e-001
 -7.5960061e-002
 -1.3833664e-001
 -5.2382380e-002
 -2.0242789e-001
  2.5364069e-003
 -3.0370963e-001
  4.0142647e-001
 -2.0169266e-001
  3.3500128e-001
 -5.5034061e-001
 -6.7737592e-002
 -2.8247304e-001
 -2.4252208e-001
 -3.3321323e-001
 -4.4284637e-001
  4.6403012e-002
 -1.7356607e-001
 -2.5092700e-001
 -3.6192675e-002
 -2.6697599e-001
 -4.1626208e-002
 -1.2895135e-001
 -4.7813943e-001
  2.3771764e-001
 -3.2801466e-001
 -5.6814993e-001
 -9.2367027e-002
 -2.1863180e-001
  3.4307226e-002
 -2.4142202e-001
 -7.8147316e-003
 -1.8021210e-001
  2.4923908e-001
 -1.3819562e-001
  3.6664382e-001
  5.1056488e-001
 -3.3823774e-001
  3.6546502e-001
  9.5490055e-002
 -4.1126786e-001
 -1.2535833e-001
 -6.9084379e-001
 -5.7892980e-001
 -5.0233309e-002
 -4.3338512e-001
 -7.4225147e-002
  1.8648947e-001
  4.6192913e-001
  4.3527323e-001
 -2.7074499e-003
  3.4683196e-001
  6.7180448e-002
  1.5415730e-001
  3.9287506e-001
  4.4543460e-001
 -3.3312117e-001
  2.9427144e-001
 -6.8907677e-002
  9.5011424e-003
 -1.5735369e-001
  1.2109100e-002
  2.4653235e-001
  4.0352246e-001
 -2.2173858e-001
  1.8178045e-003
  3.7618029e-001
 -2.6456797e-001
  1.4861852e-002
  4.5224135e-001
 -1.6856389e-001
 -5.9019463e-001
 -2.3548855e-002
 -8.8613628e-002
  4.8116630e-002
 -2.5605714e-001
  4.4461186e-001
  6.1933712e-002
  3.4187488e-001
  2.9755651e-002
  3.5907030e-001
 -4.4256081e-001
  2.5994646e-002
  7.8363783e-002
 -3.4358222e-002
 -1.3590169e-001
 -1.7130587e-001
  3.4322077e-001
  3.0723036e-001
 -3.7875733e-001
 -1.9508229e-001
  4.2864046e-001
 -4.5415446e-001
  4.1005418e-001
  7.9777010e-002
 -3.5295516e-001
  7.4287341e-002
 -5.7011376e-001
 -1.8761089e-001
 -4.3690851e-001
 -2.5955889e-001
 -3.5888938e-001
  2.1893451e-002
 -6.3224353e-001
  3.2512141e-001
  4.8138367e-002
  6.8469239e-001
 -4.7833450e-002
 -4.4056684e-001
  3.0601188e-001
  1.3987612e-001
 -7.9291629e-002
 -2.3571623e-001
  1.4235730e-001
 -2.0910896e-001
  7.4210124e-002
 -2.0129024e-001
 -2.2942813e-002
  3.9603193e-002
  1.1308409e-001
 -2.2688084e-001
 -4.0488114e-001
 -6.7003824e-001
 -2.0655457e-002
  5.4837207e-001
 -3.0421106e-001
 -5.8760012e-001
 -3.7362014e-001
 -2.8014063e-001
 -4.0046582e-001
 -1.4051831e-001
 -4.2321613e-001
 -1.1538922e-001
 -3.2718293e-001
 -2.6599943e-001
 -4.2379343e-001
 -1.8663747e-001
 -4.0825163e-001
 -4.9047580e-001
  4.3978904e-001
 -1.6386634e-001
  2.9976390e-001
  4.5001657e-003
  3.8390824e-002
 -3.0756517e-001
 -1.5172066e-001
 -3.4055035e-001
  3.8656142e-001
 -1.3062618e-001
 -3.9960199e-001
 -1.1975634e-001
 -4.8843406e-002
 -2.5587386e-001
 -4.7720594e-001
  1.3845154e-001
 -5.2368205e-001
  2.4491584e-001
 -1.4858453e-001
 -2.2266484e-002
 -3.4500757e-001
  2.6677335e-001
 -2.0643597e-001
  3.9211253e-002
  2.7234773e-001
  7.2002365e-002
  2.4750334e-001
 -1.6993473e-001
  4.0246175e-001
 -3.2873641e-001
 -3.6068308e-001
 -1.2065401e-001
 -3.5897061e-002
  9.2997610e-002
 -2.0004463e-001
 -2.0826084e-001
  3.2317037e-001
  3.8432804e-001
  4.8493090e-001
 -1.5637647e-002
  1.5804216e-001
  1.3794130e-001
 -1.4447913e-001
 -4.5027711e-004
 -8.2447762e-002
 -6.4477749e-003
 -3.9213658e-001
  4.8303659e-001
 -2.4881559e-001
 -3.8298316e-001
  1.1039892e-001
 -6.7794682e-001
 -4.6764603e-003
 -1.3827486e-001
  4.1465419e-001
  2.9434908e-001
  2.9594399e-001
 -1.2798462e-001
 -6.0614932e-001
  5.4546949e-001
 -4.5149966e-002
 -2.3655048e-001
 -9.4308279e-002
 -9.6621126e-002
 -1.2572775e-004
  9.9048554e-002
 -5.1829388e-003
 -2.6581616e-001
 -2.2832192e-001
  2.4314621e-001
 -4.9496166e-001
  3.7006032e-001
 -2.2515549e-003
 -4.6625419e-001
 -3.6727527e-001
 -2.8921011e-001
  6.6803600e-001
  4.7055063e-001
 -1.8627690e-001
  2.7091421e-001
 -2.8764065e-001
  2.6423159e-001
 -4.5929953e-001
  5.1054730e-001
  3.8022300e-001
  2.8013478e-001
  5.3298162e-002
  3.4882188e-001
  2.8843069e-001
 -3.1948924e-001
 -3.0296890e-001
  4.3380009e-001
 -8.8990820e-002
 -3.0552328e-001
  3.2534560e-001
  1.1385648e-001
 -2.4325746e-002
  3.2058491e-002
  3.1379991e-001
  5.8959246e-001
 -1.4321988e-001
 -2.0834665e-001
 -2.7433778e-002
 -4.2261748e-001
  5.9853284e-001
  2.5774061e-001
  4.0476645e-001
  3.7489544e-003
  1.5965840e-001
 -3.5106521e-001
  1.4270495e-002
 -1.2875525e-001
 -1.6671411e-001
  9.2800576e-003
 -1.1343650e-001
 -2.5121571e-001
 -1.9777210e-001
 -2.7479802e-001
  6.4674394e-001
  4.8948959e-001
  1.9684812e-001
 -1.1743588e-001
 -3.8413995e-001
  1.6136854e-001
 -2.3501827e-001
 -2.4297955e-001
 -3.3830779e-001
  1.6782052e-001
  4.5476558e-001
  1.7853491e-001
  4.3930389e-001
  3.3456531e-001
  1.6931202e-002
  2.6674637e-001
 -2.6758603e-001
  2.0577694e-001
 -2.7461798e-001
  2.4866640e-001
  3.8888703e-001
 -1.9541686e-003
 -3.8606065e-001
  3.1928688e-002
 -4.1376110e-002
 -2.3742727e-001
 -2.3996580e-001
  2.2163063e-001
  4.6010284e-001
  6.8471485e-002
 -5.1830036e-002
 -3.4907012e-001
  1.1582665e-002
  3.1259688e-001
 -3.7379469e-002
  4.9159723e-004
  4.3588234e-001
 -2.7367050e-001
 -1.9988791e-001
  8.0561189e-002
  3.7266070e-001
  3.7114092e-001
  3.0085946e-001
  8.8378867e-002
  5.1477075e-001
 -4.0125772e-001
 -8.6567807e-003
 -1.5430600e-001
 -3.8750571e-001
 -7.9157369e-002
 -3.7387942e-001
 -1.4434581e-001
 -3.2629540e-001
  1.9054037e-001
  2.8981884e-002
  5.6189741e-001
 -3.9261303e-001
  6.1258032e-002
 -3.2522819e-001
  2.7030985e-001
 -2.3177347e-001
  1.8152647e-001
  3.3250825e-001
 -2.0883715e-001
  8.7218505e-002
 -4.2545158e-002
  2.4689295e-001
  1.8390455e-002
 -6.2053918e-002
 -3.9942849e-002
 -1.9950384e-001
 -4.0988520e-001
  3.0380719e-001
 -3.3659165e-001
  8.8379399e-002
  1.4748861e-001
  3.4658889e-001
  3.1037734e-001
 -3.7622593e-001
 -3.8589104e-001
 -1.2249570e-001
 -1.7921244e-001
 -1.4371606e-001
  1.1263124e-002
 -1.1361973e-001
  1.6391496e-001
 -1.2815141e-001
  2.1451360e-001
  4.2474383e-001
 -4.2050093e-001
 -4.5164409e-002
 -4.0180798e-001
 -6.6714680e-002
  2.4633433e-001
  3.3379919e-001
  2.9899736e-001
 -1.7041202e-001
  2.5226825e-001
 -9.1538235e-002
 -6.7075521e-004
 -6.6494661e-001
  6.2790558e-002
  1.3942815e-001
 -6.0032179e-002
 -9.5990211e-003
 -3.3973827e-001
  2.0584070e-001
 -2.3058277e-001
  5.7309086e-002
  3.0637717e-001
  1.1937636e-001
  8.9599084e-003
  9.0994279e-002
 -2.2175482e-001
 -4.8098608e-001
 -1.8123436e-002
 -1.3108158e-001
  7.5628510e-002
  4.6899131e-002
  3.3921586e-001
 -2.0179783e-001
  5.0224829e-001
  1.7086473e-001
 -5.5308904e-002
  1.1544530e-001
 -2.7339200e-001
 -2.8015136e-001
 -2.6216735e-001
 -2.8045940e-001
 -3.0713207e-003
  4.4818126e-001
  2.0706348e-002
  9.5320139e-002
 -2.3485644e-001
  2.8512643e-001
  3.7463095e-002
  1.0283808e-001
 -1.1015294e-001
  7.8443757e-002
  4.2942366e-002
 -2.3746398e-004
  8.6573528e-002
  1.4186372e-001
  3.5900821e-001
 -5.7219335e-001
 -5.2821927e-001
  1.9034384e-001
  2.9999972e-001
  3.3779786e-002
 -1.4205677e-001
 -3.3221196e-001
  8.9651289e-002
 -1.1328126e-001
 -1.3225440e-002
  6.6372900e-003
 -3.7222342e-001
