  9.5012929e-001
  2.3113851e-001
  6.0684258e-001
  4.8598247e-001
  8.9129897e-001
  7.6209683e-001
  4.5646767e-001
  1.8503643e-002
  8.2140716e-001
  4.4470336e-001
  6.1543235e-001
  7.9193704e-001
  9.2181297e-001
  7.3820725e-001
  1.7626614e-001
  4.0570621e-001
  9.3546970e-001
  9.1690444e-001
  4.1027021e-001
  8.9364953e-001
  5.7891305e-002
  3.5286813e-001
  8.1316650e-001
  9.8613007e-003
  1.3889088e-001
  2.0276522e-001
  1.9872174e-001
  6.0379248e-001
  2.7218792e-001
  1.9881427e-001
  1.5273927e-002
  7.4678568e-001
  4.4509643e-001
  9.3181458e-001
  4.6599434e-001
  4.1864947e-001
  8.4622142e-001
  5.2515250e-001
  2.0264736e-001
  6.7213747e-001
  8.3811845e-001
  1.9639514e-002
  6.8127716e-001
  3.7948102e-001
  8.3179602e-001
  5.0281288e-001
  7.0947139e-001
  4.2889237e-001
  3.0461737e-001
  1.8965375e-001
  1.9343116e-001
  6.8222322e-001
  3.0276440e-001
  5.4167385e-001
  1.5087298e-001
  6.9789848e-001
  3.7837300e-001
  8.6001160e-001
  8.5365513e-001
  5.9356291e-001
  4.9655245e-001
  8.9976918e-001
  8.2162916e-001
  6.4491038e-001
  8.1797434e-001
  6.6022756e-001
  3.4197062e-001
  2.8972590e-001
  3.4119357e-001
  5.3407902e-001
  7.2711322e-001
  3.0929016e-001
  8.3849604e-001
  5.6807246e-001
  3.7041356e-001
  7.0273991e-001
  5.4657115e-001
  4.4488020e-001
  6.9456724e-001
  6.2131013e-001
  7.9482108e-001
  9.5684345e-001
  5.2259035e-001
  8.8014221e-001
  1.7295614e-001
  9.7974690e-001
  2.7144726e-001
  2.5232935e-001
  8.7574190e-001
  7.3730599e-001
  1.3651874e-001
  1.1756687e-002
  8.9389797e-001
  1.9913807e-001
  2.9872301e-001
  6.6144258e-001
  2.8440859e-001
  4.6922429e-001
  6.4781123e-002
  9.8833494e-001
  5.8279168e-001
  4.2349626e-001
  5.1551175e-001
  3.3395148e-001
  4.3290660e-001
  2.2594987e-001
  5.7980687e-001
  7.6036501e-001
  5.2982312e-001
  6.4052650e-001
  2.0906940e-001
  3.7981837e-001
  7.8332865e-001
  6.8084575e-001
  4.6109513e-001
  5.6782871e-001
  7.9421065e-001
  5.9182593e-002
  6.0286909e-001
  5.0268804e-002
  4.1537486e-001
  3.0499868e-001
  8.7436717e-001
  1.5009499e-002
  7.6795039e-001
  9.7084494e-001
  9.9008259e-001
  7.8886169e-001
  4.3865853e-001
  4.9831130e-001
  2.1396333e-001
  6.4349229e-001
  3.2003558e-001
  9.6009860e-001
  7.2663177e-001
  4.1195321e-001
  7.4456578e-001
  2.6794725e-001
  4.3992431e-001
  9.3338011e-001
  6.8333232e-001
  2.1255986e-001
  8.3923824e-001
  6.2878460e-001
  1.3377275e-001
  2.0713273e-001
  6.0719894e-001
  6.2988785e-001
  3.7047683e-001
  5.7514778e-001
  4.5142483e-001
  4.3895325e-002
  2.7185123e-002
  3.1268505e-001
  1.2862575e-002
  3.8396729e-001
  6.8311597e-001
  9.2842462e-002
  3.5338324e-002
  6.1239548e-001
  6.0854036e-001
  1.5759818e-002
  1.6354934e-002
  1.9007459e-001
  5.8691847e-001
  5.7581090e-002
  3.6756804e-001
  6.3145116e-001
  7.1763442e-001
  6.9266939e-001
  8.4079061e-002
  4.5435515e-001
  4.4182830e-001
  3.5325046e-001
  1.5360636e-001
  6.7564465e-001
  6.9921333e-001
  7.2750913e-001
  4.7838438e-001
  5.5484199e-001
  1.2104711e-001
  4.5075394e-001
  7.1588295e-001
  8.9284161e-001
  2.7310247e-001
  2.5476930e-001
  8.6560348e-001
  2.3235037e-001
  8.0487174e-001
  9.0839754e-001
  2.3189432e-001
  2.3931256e-001
  4.9754484e-002
  7.8384075e-002
  6.4081541e-001
  1.9088657e-001
  8.4386950e-001
  1.7390025e-001
  1.7079281e-001
  9.9429549e-001
  4.3979086e-001
  3.4004795e-001
  3.1421731e-001
  3.6507839e-001
  3.9323955e-001
  5.9152520e-001
  1.1974662e-001
  3.8128797e-002
  4.5859795e-001
  8.6986735e-001
  9.3423652e-001
  2.6444917e-001
  1.6030034e-001
  8.7285526e-001
  2.3788031e-001
  6.4583125e-001
  9.6688742e-001
  6.6493121e-001
  8.7038103e-001
  9.9273048e-003
  1.3700989e-001
  8.1875583e-001
  4.3016605e-001
  8.9032172e-001
  7.3490821e-001
  6.8732359e-001
  3.4611197e-001
  1.6603474e-001
  1.5561258e-001
  1.9111631e-001
  4.2245153e-001
  8.5597571e-001
  4.9024999e-001
  8.1593477e-001
  4.6076983e-001
  4.5735438e-001
  4.5068888e-001
  4.1221906e-001
  9.0160982e-001
  5.5839392e-003
  2.9740568e-001
  4.9162489e-002
  6.9318045e-001
  6.5010641e-001
  9.8298778e-001
  5.5267324e-001
  4.0007352e-001
  1.9878852e-001
  6.2520102e-001
  7.3336280e-001
  3.7588548e-001
  9.8764629e-003
  4.1985781e-001
  7.5366963e-001
  7.9387177e-001
  9.1995721e-001
  8.4472150e-001
  3.6775288e-001
  6.2080133e-001
  7.3127726e-001
  1.9389318e-001
  9.0481233e-001
  5.6920575e-001
  6.3178993e-001
  2.3441296e-001
  5.4878213e-001
  9.3158335e-001
  3.3519743e-001
  6.5553106e-001
  3.9190421e-001
  6.2731479e-001
  6.9908014e-001
  3.9718395e-001
  4.1362890e-001
  6.5521295e-001
  8.3758510e-001
  3.7160803e-001
  4.2525316e-001
  5.9466337e-001
  5.6573857e-001
  7.1654240e-001
  5.1131145e-001
  7.7640121e-001
  4.8934548e-001
  1.8590445e-001
  7.0063541e-001
  9.8270880e-001
  8.0663775e-001
  7.0356766e-001
  4.8496372e-001
  1.1461282e-001
  6.6485557e-001
  3.6537389e-001
  1.4004446e-001
  5.6677280e-001
  8.2300831e-001
  6.7394863e-001
  9.9944730e-001
  9.6163641e-001
  5.8862165e-002
  3.6031117e-001
  5.4851281e-001
  2.6176957e-001
  5.9734485e-001
  4.9277997e-002
  5.7105749e-001
  7.0085723e-001
  9.6228826e-001
  7.5051823e-001
  7.3999305e-001
  4.3187339e-001
  6.3426596e-001
  8.0302634e-001
  8.3881007e-002
  9.4546279e-001
  9.1594246e-001
  6.0198742e-001
  2.5356058e-001
  8.7345081e-001
  5.1340071e-001
  7.3265065e-001
  4.2222659e-001
  9.6137000e-001
  7.2059239e-002
  5.5340797e-001
  2.9198392e-001
  8.5796351e-001
  3.3575514e-001
  6.8020385e-001
  5.3444421e-002
  3.5665554e-001
  4.9830460e-001
  4.3444054e-001
  5.6245842e-001
  6.1662113e-001
  1.1333998e-001
  8.9825174e-001
  7.5455138e-001
  7.9112320e-001
  8.1495207e-001
  6.7000386e-001
  2.0087641e-001
  2.7308816e-001
  6.2623464e-001
  5.3685169e-001
  5.9504051e-002
  8.8961759e-002
  2.7130817e-001
  4.0907232e-001
  4.7404145e-001
  9.0898935e-001
  5.9624714e-001
  3.2895530e-001
  4.7819443e-001
  5.9717078e-001
  1.6144875e-001
  8.2947425e-001
  9.5612241e-001
  5.9554800e-001
  2.8748213e-002
  8.1211782e-001
  6.1011358e-001
  7.0149260e-001
  9.2196203e-002
  4.2488914e-001
  3.7557666e-001
  1.6615408e-001
  8.3315146e-001
  8.3863970e-001
  4.5161403e-001
  9.5660138e-001
  1.4715324e-001
  8.6993293e-001
  7.6943640e-001
  4.4416162e-001
  6.2062012e-001
  9.5168928e-001
  6.4000966e-001
  2.4732763e-001
  3.5270199e-001
  1.8786048e-001
  4.9064436e-001
  4.0927433e-001
  4.6352558e-001
  6.1094355e-001
  7.1168466e-002
  3.1428029e-001
  6.0838366e-001
  1.7502018e-001
  6.2102743e-001
  2.4595993e-001
  5.8735822e-001
  5.0605345e-001
  4.6477892e-001
  5.4141893e-001
  9.4232657e-001
  3.4175909e-001
  4.0180434e-001
  3.0768794e-001
  4.1156796e-001
  2.8593923e-001
  3.9412761e-001
  5.0301449e-001
  7.2197985e-001
  3.0620855e-001
  1.1216371e-001
  4.4328996e-001
  4.6676255e-001
  1.4668875e-002
  6.6405187e-001
  7.2406171e-001
  2.8163360e-001
  2.6181868e-001
  7.0847140e-001
  7.8385902e-001
  9.8615781e-001
  4.7334271e-001
  9.0281883e-001
  4.5105876e-001
  8.0451681e-001
  8.2886448e-001
  1.6627012e-001
  3.9390601e-001
  5.2075748e-001
  7.1812397e-001
  5.6918952e-001
  4.6080617e-001
  4.4530705e-001
  8.7744606e-002
  4.4348322e-001
  3.6629985e-001
  3.0253382e-001
  8.5184470e-001
  7.5947939e-001
  9.4975928e-001
  5.5793851e-001
  1.4233016e-002
  5.9617708e-001
  8.1620571e-001
  9.7709235e-001
  2.2190808e-001
  7.0368367e-001
  5.2206092e-001
  9.3289706e-001
  7.1335444e-001
  2.2803890e-001
  4.4964210e-001
  1.7219970e-001
  9.6882014e-001
  3.5571610e-001
  4.9046828e-002
  7.5533857e-001
  8.9481276e-001
  2.8614965e-001
  2.5120055e-001
  9.3273619e-001
  1.3098247e-001
  9.4081954e-001
  7.0185317e-001
  8.4767647e-001
  2.0927164e-001
  4.5509169e-001
  8.1073725e-002
  8.5112240e-001
  5.6204868e-001
  3.1929630e-001
  3.7489926e-001
  8.6779570e-001
  3.7217624e-001
  7.3690056e-002
  1.9983800e-001
  4.9493280e-002
  5.6670978e-001
  1.2192475e-001
  5.2211176e-001
  1.1706015e-001
  7.6991848e-001
  3.7505580e-001
  8.2338720e-001
  4.6636146e-002
  5.9791326e-001
  9.4915039e-001
  2.8879765e-001
  8.8883261e-001
  1.0158548e-001
  6.5314507e-002
  2.3429973e-001
  9.3309842e-001
  6.3127896e-002
  2.6421766e-001
  9.9953167e-001
  2.1198796e-001
  4.9840980e-001
  2.9048830e-001
  6.7275441e-001
  9.5799112e-001
  7.6655153e-001
  6.6612374e-001
  1.3094482e-001
  9.5413016e-002
  1.4864337e-002
  2.8819335e-001
  8.1673121e-001
  9.8548351e-001
  1.7362693e-002
  8.1939293e-001
  6.2113871e-001
  5.6022204e-001
  2.4403153e-001
  8.2200759e-001
  2.6321193e-001
  7.5363453e-001
  6.5964480e-001
  2.1406286e-001
  6.0211691e-001
  6.0493711e-001
  6.5950155e-001
  1.8336363e-001
  6.3654691e-001
  1.7030911e-001
  5.3960111e-001
  6.2339418e-001
  6.8588997e-001
  6.7734595e-001
  8.7683002e-001
  1.2890500e-002
  3.1040223e-001
  7.7907925e-001
  3.0729608e-001
  9.2667831e-001
  6.7871988e-001
  7.4321493e-002
  7.0669191e-002
  1.1930467e-002
  2.2715372e-001
  5.1625200e-001
  4.5820422e-001
  7.0320334e-001
  5.8248388e-001
  5.0920600e-001
  7.4289609e-002
  1.9323631e-001
  3.7960413e-001
  2.7643472e-001
  7.7088184e-001
  3.1392999e-001
  6.3819322e-001
  9.8656686e-001
  5.0287580e-001
  9.4770338e-001
  8.2802584e-001
  9.1755720e-001
  1.1307983e-001
  8.1212591e-001
  9.0826256e-001
  1.5637612e-001
  1.2211877e-001
  7.6266647e-001
  7.2180028e-001
  6.5163982e-001
  7.5402267e-001
  6.6316201e-001
  8.8349350e-001
  2.7215744e-001
  4.1943272e-001
  2.1299366e-001
  3.5599967e-002
  8.1163704e-002
  8.5056678e-001
  3.4020345e-001
  4.6615498e-001
  9.1376324e-001
  2.2857671e-001
  8.6204490e-001
  6.5661854e-001
  8.9118280e-001
  4.8814352e-001
  9.9264565e-001
  3.7332594e-001
  5.3137832e-001
  1.8131633e-001
  5.0194434e-001
  4.2219483e-001
  6.6042740e-001
  6.7365301e-001
  9.5733018e-001
  1.9186575e-001
  1.1121644e-001
  5.6505387e-001
  9.6916627e-001
  2.3743871e-002
  8.7021582e-001
  2.6876593e-002
  5.1952869e-001
  1.9229142e-001
  7.1568905e-001
  2.5067278e-001
  9.3386482e-001
  1.3718931e-001
  5.2162234e-001
  8.9520169e-001
  9.4238725e-001
  3.3508338e-001
  4.3736382e-001
  4.7115591e-001
  1.4931034e-001
  1.3586439e-001
  5.3249823e-001
  7.2578931e-001
  3.9870305e-001
  3.5841852e-001
  2.8527941e-001
  8.6863524e-001
  6.2641267e-001
  2.4117231e-001
  9.7808165e-001
  6.4050078e-001
  2.2984865e-001
  6.8133515e-001
  6.6582341e-001
  1.3471797e-001
  2.2493293e-002
  2.6219945e-001
  1.1651516e-001
  6.9318238e-002
  8.5293050e-001
  1.8033067e-001
  3.2418564e-002
  7.3392626e-001
  5.3651682e-001
  2.7602966e-001
  3.6845815e-001
  1.2886306e-002
  8.8920608e-001
  8.6602060e-001
  2.5424693e-001
  5.6948060e-001
  1.5926482e-001
  5.9436442e-001
  3.3110008e-001
  6.5861265e-001
  8.6363422e-001
  5.6762331e-001
  9.8048127e-001
  7.9183160e-001
  1.5259362e-001
  8.3302723e-001
  1.9186326e-001
  6.3898657e-001
  6.6900008e-001
  7.7208780e-001
  3.7981775e-001
  4.4158549e-001
  4.8305999e-001
  6.0810566e-001
  1.7599564e-001
  2.0255610e-003
  7.9022400e-001
  5.1360850e-001
  2.1322938e-001
  1.0344980e-001
  1.5733667e-001
  4.0751498e-001
  4.0775702e-001
  5.2692688e-002
  9.4181515e-001
  1.4997168e-001
  3.8437405e-001
  3.1105856e-001
  1.6853444e-001
  8.9664815e-001
  3.2272443e-001
  7.3399632e-001
  4.1090418e-001
  3.9979385e-001
  5.0552221e-001
  1.6930586e-001
  5.2474549e-001
  6.4120266e-001
  1.6197484e-002
  8.3685156e-001
  8.0346219e-001
  6.9778483e-001
  4.6188778e-001
  8.2612618e-002
  8.2071701e-001
  1.9302002e-001
  4.4535473e-001
  1.2957830e-002
  3.0874180e-001
  8.7535098e-001
  8.3525940e-001
  3.3309507e-001
  8.8070533e-001
  4.7968681e-001
  5.6081673e-001
  6.1590866e-001
  6.6189901e-001
  6.1663323e-001
  6.8514000e-001
  5.1015303e-001
  7.1396084e-001
  5.1520790e-001
  6.0586579e-001
  9.6670263e-001
  8.2211740e-001
  3.1775068e-001
  5.8769677e-001
  1.3020167e-001
  2.5435426e-001
  8.0303090e-001
  6.6784589e-001
  1.3626353e-002
  5.6157937e-001
  4.5456094e-001
  9.0494922e-001
  2.8215885e-001
  6.5034354e-002
  4.7659189e-001
  9.8371192e-001
  9.2234958e-001
  5.6119625e-001
  6.5232469e-001
  7.7267960e-001
  1.0617579e-001
  1.0733656e-003
  5.4176379e-001
  6.8577917e-003
  4.5133767e-001
  1.9566205e-001
  7.8714313e-001
  6.1856262e-001
  1.5520957e-002
  8.9085396e-001
  7.6170319e-001
  9.0703504e-001
  7.5856860e-001
  3.8072994e-001
  3.3111079e-001
  5.0407844e-001
  5.6456859e-001
  7.6719736e-001
  7.7986778e-001
  4.8409788e-001
  8.0221322e-001
  4.7101215e-001
  2.0275890e-001
  5.7961489e-001
  6.6650026e-001
  6.7676529e-001
  9.4251124e-001
  7.7014853e-001
  7.3740432e-001
  8.6626227e-001
  9.9094832e-001
  5.0392760e-001
  6.2908555e-001
  7.9261032e-001
  4.4864921e-001
  5.2435711e-001
  1.7147322e-001
  1.3066575e-001
  2.1878112e-001
  1.0548050e-001
  1.4142585e-001
  4.5696830e-001
  7.8813305e-001
  2.8106398e-001
  2.2478673e-001
  9.0887473e-001
  7.3288452e-003
  5.8873933e-001
  5.4211787e-001
  6.5352398e-001
  3.1343498e-001
  2.3115882e-001
  4.1606383e-001
  2.9879879e-001
  6.7243639e-001
  9.3825748e-001
  3.4314769e-001
  5.6296257e-001
  1.1888856e-001
  1.6902126e-001
  2.7889542e-001
  5.5681466e-001
  4.8558916e-001
  9.5222323e-001
  2.3192084e-001
  4.7865839e-001
  5.2652240e-001
  7.9272079e-001
  1.9300765e-001
  9.0960045e-001
  9.2219639e-001
  1.3266366e-002
  7.6754963e-001
  9.4734264e-001
  8.1330552e-001
  9.2382979e-001
  1.9899726e-001
  6.7427164e-001
  9.2710309e-001
  3.4381659e-001
  5.9449294e-001
  6.1548700e-001
  3.3740749e-003
  9.8201257e-001
  8.9951309e-001
  6.9275735e-001
  4.3965368e-001
  7.0102291e-001
  6.0971499e-001
  2.9988566e-001
  8.5603719e-001
  1.1207217e-001
  2.9156041e-001
  9.7446728e-002
  3.9744797e-001
  3.3331265e-001
  9.4423471e-001
  8.3855545e-001
  2.5842740e-001
  4.2898125e-002
  5.8847898e-003
  5.7441797e-001
  7.4390195e-001
  8.0683078e-001
  6.3757064e-001
  2.5127131e-001
  1.4432045e-001
  6.5155113e-001
  9.4608693e-001
  8.1588680e-001
  9.3024707e-001
  3.0994136e-001
  2.6881711e-001
  5.3645104e-001
  1.6327830e-001
  2.1098802e-001
  2.1681209e-001
  6.5178983e-001
  5.2776186e-002
  2.2929028e-001
  6.6743213e-001
  3.1093368e-001
  3.0663286e-001
  7.2067988e-001
  9.5440651e-001
  1.3113839e-001
  6.8276809e-002
  1.2522727e-001
  1.6615342e-001
  9.1141746e-001
  1.3626027e-001
  6.1699542e-001
  2.6898165e-001
  2.2066403e-001
  7.1290102e-001
  5.4899644e-001
  9.4134842e-001
  3.2986478e-001
  7.0448630e-001
  9.4342546e-001
  5.8159434e-001
  8.8015418e-001
  7.4961164e-001
  3.7961734e-001
  7.2556128e-001
  1.6279820e-001
  9.5620461e-001
  1.9622883e-001
  7.7619251e-001
  6.1329572e-001
  1.6228023e-001
  3.1054053e-002
  2.8862882e-001
  9.7106428e-001
  9.5049934e-001
  2.2804781e-001
  9.5852608e-001
  6.7985826e-001
  5.4969208e-002
  5.9984132e-001
  3.9314599e-001
  2.1536619e-001
  1.8239962e-001
  7.6754024e-002
  7.4236960e-003
  7.8878300e-001
  1.7787630e-002
  8.7794147e-001
  3.5254177e-001
  7.2213977e-001
  9.6845084e-001
  1.5566798e-001
  1.6295554e-001
  3.1339737e-001
  2.9381548e-002
  3.5762512e-001
  2.7190398e-002
  7.9366702e-001
  9.9923075e-001
  1.1023852e-001
  6.2260116e-001
  1.3257185e-001
  3.1002979e-001
  1.3478769e-001
  2.2332631e-001
  3.9654679e-001
  1.3514349e-001
  2.4105869e-001
  9.2751615e-001
  3.9110087e-001
  5.1126277e-001
  9.2896116e-002
  2.1698914e-002
  1.5953483e-001
  8.4451594e-001
  8.7915348e-001
  1.8698953e-001
  9.9130492e-001
  7.1202984e-001
  8.7136462e-001
  4.7963118e-001
  4.9600493e-001
  2.8753186e-001
  6.0941451e-002
  2.6246770e-001
  1.8626102e-001
  9.1708979e-001
  1.2327869e-001
  1.3445383e-002
  3.6969072e-001
  6.9864111e-001
  8.8934721e-001
  5.9377052e-001
  1.5669090e-001
  3.1668942e-001
  2.3339549e-001
  8.4220637e-003
  3.9690379e-001
  6.4986813e-001
  8.5000606e-002
  7.6880950e-001
  9.6970170e-001
  7.1479723e-001
  7.8196184e-001
  2.3756508e-001
  1.9573076e-001
  2.6321392e-001
  7.1378506e-001
  9.7759974e-001
  6.3712194e-001
  5.4592416e-001
  8.4805722e-001
  8.0209766e-001
  6.6830641e-001
  6.7098263e-001
  8.2064368e-001
  9.7047237e-001
  4.8692500e-001
  8.1746854e-001
  6.4157117e-001
  3.0634936e-001
  6.6093213e-001
  3.5801711e-001
  9.3819943e-001
  4.8766697e-001
  9.0990358e-002
  6.7383412e-001
  5.1488032e-001
  2.2157935e-001
  7.2500937e-001
  6.8246611e-002
  9.6412427e-001
  2.0765659e-001
  1.6111823e-001
  6.3822138e-001
  2.2817289e-004
  3.3563294e-001
  2.7509982e-001
  4.4527520e-002
  9.3896498e-002
  4.0999740e-001
  8.1689232e-001
  8.7051707e-001
  2.2555120e-002
  7.2717698e-001
  8.4800945e-001
  7.2860019e-001
  9.5509863e-001
  6.5635111e-001
  7.4230513e-001
  3.4496601e-001
  8.8402195e-001
  3.4724409e-001
  5.9476681e-002
  7.1841459e-001
  9.5821429e-001
  1.5683487e-001
  4.1635311e-001
  9.4034869e-002
  4.4994645e-001
  8.6915243e-001
  3.9161722e-001
  2.5278365e-001
  3.5438193e-001
  7.4297797e-001
  6.5083202e-001
  9.3979304e-001
  8.3279912e-001
  4.6997787e-001
  6.2986561e-001
  5.8187848e-002
  5.4218740e-001
  4.5572596e-001
  8.6308689e-001
  8.5519697e-001
  4.7225568e-001
  7.8692439e-001
  6.5598214e-001
  3.9889599e-005
  1.3123716e-001
  4.9487476e-001
  3.8333157e-002
  2.2743581e-001
  3.2788296e-001
  8.9946879e-001
  3.1373049e-001
  2.5167601e-001
  4.3298913e-001
  8.4238224e-001
  1.8448899e-001
  5.0817921e-001
  4.5223967e-001
  3.2558444e-001
  3.8007631e-001
  8.8647996e-001
  7.6126076e-001
  8.8376633e-001
  4.5740626e-001
  7.9920229e-001
  1.3407712e-001
  6.5313688e-002
  3.7514466e-001
  3.7352297e-001
  4.8402240e-001
  9.6945923e-001
  3.4206109e-001
  2.5268926e-001
  5.8488692e-001
  5.2370359e-001
  1.6341905e-001
  4.8639815e-001
  4.9606075e-001
  8.4319408e-001
  8.0619822e-001
  8.5778560e-001
  6.0975414e-001
  5.6573037e-001
  6.1189852e-001
  1.0297652e-001
  1.5831592e-001
  4.1364986e-001
  5.6041045e-001
  2.6867729e-001
  7.8425416e-001
  3.8787078e-001
  3.0983621e-002
  5.8550183e-001
  5.5855853e-001
  2.0069557e-001
  8.7421885e-002
  9.3322986e-001
  2.5937997e-001
  2.0417139e-001
  4.9208442e-002
  6.0616094e-001
  5.4634874e-001
  9.5837436e-002
  6.3699565e-001
  4.4294833e-001
  6.6381959e-002
  3.7429258e-001
  2.4910272e-001
  9.2487529e-001
  6.2949929e-001
  8.7830878e-001
  6.4167443e-001
  7.9839064e-001
  4.3502604e-001
  9.8114025e-001
  9.5957798e-002
  5.2748240e-001
  5.4564582e-001
  2.8434276e-001
  3.7080266e-001
  6.4692602e-002
  5.4480906e-001
  8.3637560e-001
  1.4532199e-001
  1.7152026e-001
  6.8047182e-002
  8.2401153e-001
  1.3397076e-001
  8.8478629e-001
  5.1473740e-001
  9.6363560e-001
  1.2049467e-001
  4.8289882e-002
  3.8015200e-001
  4.1279122e-001
  4.0139130e-001
  4.2099713e-001
  3.7695369e-001
  9.0733653e-001
  6.7016214e-001
  9.6183852e-001
  1.6297934e-001
  7.4864941e-001
  3.7406572e-001
  4.5423651e-001
  3.8560696e-002
  5.6243201e-001
  3.7231215e-001
  7.9278371e-001
  7.9523097e-001
  3.8291447e-001
  2.5278980e-001
  3.4292786e-001
  9.6780449e-001
  4.7980839e-001
  3.6832756e-001
  7.6456716e-001
  3.7714897e-001
  9.0030622e-001
  1.8343205e-001
  3.6831732e-001
  9.1745704e-001
  5.1591606e-001
  9.0307262e-002
  7.3531149e-001
  4.7121623e-003
  6.0312312e-001
  9.5686666e-001
  3.9743193e-001
  7.3155079e-001
  6.8463883e-001
  9.7850302e-001
  2.0378517e-001
  5.9330284e-001
  9.5156252e-001
  2.6027241e-001
  5.1467762e-001
  6.3633190e-001
  4.0095911e-001
  4.8661131e-001
  7.5045811e-001
  1.2619673e-001
  4.3062482e-002
  3.7093934e-001
  6.9330212e-001
  9.3582494e-001
  4.7757561e-001
  1.2910010e-001
  4.8383121e-001
  9.4559716e-001
  3.6774413e-001
  3.2848557e-001
  7.7287548e-001
  2.9727402e-001
  1.7785436e-001
  6.9079916e-001
  2.6394486e-001
  4.5773906e-001
  8.4369242e-001
  8.8149866e-001
  7.0001996e-001
  7.5569099e-001
  9.7451480e-001
  4.0215268e-001
  1.3127864e-001
  7.2473389e-001
  8.9951821e-001
  1.7070131e-001
  4.3028691e-002
  4.7915922e-001
  9.3936285e-002
  6.5004983e-001
  9.5227754e-001
  4.5771270e-001
  5.3688065e-001
  6.6487146e-002
  4.9387008e-001
  4.1754097e-001
  2.9225705e-001
  2.8966394e-001
  7.5384600e-001
  9.6795712e-002
  7.6917011e-002
  7.2091503e-001
  7.6491151e-001
  6.5794492e-001
  8.1040852e-001
  3.7424309e-001
  3.0623148e-001
  3.7069960e-001
  7.0674712e-001
  1.6836629e-001
  8.1372101e-001
  4.6622832e-001
  7.2228568e-001
  9.9486891e-001
  3.6250302e-001
  7.3082814e-001
  6.4966741e-001
  6.8133908e-001
  7.6119200e-003
  6.5414930e-001
  9.4523514e-001
  6.1327104e-001
  7.8292798e-001
  3.1534871e-003
  7.9695785e-001
  6.4181666e-001
  1.7847862e-001
  5.2940073e-001
  2.1874351e-001
  5.4805244e-001
  5.8237363e-002
  5.8758710e-001
  4.1610356e-001
  1.8644524e-001
  6.3910721e-002
  7.4782778e-002
  3.1003746e-001
  9.4408492e-001
  9.8072663e-001
  5.5511549e-001
  9.8852564e-001
  6.9155990e-001
  2.4166086e-001
  8.0981368e-001
  9.3451169e-001
  1.2880349e-001
  6.8682686e-001
  2.9724493e-001
  6.4722082e-001
  4.6375881e-001
  9.2278964e-001
  2.4172191e-001
  6.6015651e-001
  3.3228698e-001
  4.7675299e-001
  4.6877328e-001
  7.0592893e-001
  2.3994937e-001
  7.1720259e-001
  8.6519670e-001
  4.1098966e-001
  4.2478717e-001
  9.5428637e-001
  8.8141861e-001
  6.9858767e-001
  3.0540114e-001
  8.2932609e-001
  9.7060457e-001
  3.0010272e-001
  9.9806225e-001
  4.4074843e-001
  6.2269037e-003
  2.9190112e-001
  6.9187848e-001
  4.9284927e-001
  8.3477633e-002
  1.9578714e-001
  9.7759475e-001
  3.6619871e-001
  1.3943238e-001
  1.4755525e-002
  6.4064119e-001
  7.3772200e-001
  2.6757302e-002
  1.0215260e-001
  8.9333022e-001
  7.6387648e-001
  5.8266454e-001
  6.8543027e-001
  9.6713351e-001
  5.5034440e-001
  7.7719685e-001
  6.1035042e-001
  9.8859338e-001
  4.8262228e-002
  9.8538908e-001
  2.0473617e-001
  9.1247718e-001
  6.6554603e-001
  4.6232141e-001
  4.8333251e-002
  4.6043917e-001
  7.9995057e-001
  2.8943312e-001
  6.9510237e-001
  2.5927894e-001
  7.1322972e-001
  7.2036969e-001
  7.3327669e-001
  6.2233077e-001
  9.8977940e-001
  1.5237784e-001
  2.0332258e-001
  8.1931658e-001
  5.8435362e-002
  5.3850678e-001
  1.9015332e-001
  5.9948078e-001
  2.9225799e-001
  9.1287717e-002
  5.0676728e-001
  8.8413233e-001
  6.1556805e-001
  4.6392112e-002
  9.5192426e-001
  1.6903040e-001
  8.2667104e-001
  6.1137687e-001
  8.4729946e-001
  1.1412313e-001
  6.4921982e-001
  1.1481505e-001
  4.7341222e-001
  6.8318105e-001
  1.3329862e-001
  4.6407820e-001
  7.1250008e-002
  5.8121844e-001
  5.6597889e-001
  2.5526221e-001
  2.3849414e-001
  1.5953779e-002
  3.8474472e-001
  7.5730018e-001
  5.7516005e-001
  4.0808550e-001
  1.9570817e-001
  5.1217433e-001
  7.1334569e-001
  8.6738555e-001
  7.4180541e-001
  9.9483254e-001
  8.6674820e-001
  4.8581276e-001
  9.0330541e-001
  2.0314485e-002
  6.3678745e-001
  9.4405571e-001
  4.0780155e-002
  2.8567164e-001
  6.7725380e-001
  5.8617832e-001
  6.4969619e-002
  8.7921185e-001
  4.8790932e-001
  8.9147557e-001
  7.6229473e-001
  6.5530482e-001
  9.7148152e-001
  1.7113911e-001
  1.3596515e-001
  7.5521067e-001
  3.1321696e-001
  4.6325242e-001
  3.3943415e-001
  9.6218324e-003
  3.3380144e-001
  2.4682326e-001
  9.9406089e-001
  9.0556697e-001
  3.4976835e-001
  2.7811548e-001
  9.2923664e-002
  2.4053028e-001
  9.0164663e-001
  3.2424592e-001
  5.7270335e-001
  1.8506508e-001
  7.3791019e-001
  1.1175640e-001
  3.8375167e-001
  8.6236466e-001
  8.5708293e-001
  8.1936366e-001
  2.4569504e-001
  8.9758832e-001
  6.0412353e-001
  1.3973137e-001
  1.6130135e-001
  8.8315285e-001
  9.7858513e-001
  6.0131758e-001
  3.6180601e-001
  2.3140380e-001
  4.4973047e-001
  6.4310149e-001
  2.4521751e-001
  4.6801362e-001
  4.9743178e-001
  7.4964949e-002
  7.6659484e-001
  4.5367238e-002
  1.6511260e-001
  7.7719862e-001
  2.0834854e-001
  2.5177620e-001
  3.9652384e-001
  4.8068782e-001
  5.0929074e-001
  6.2479654e-001
  6.2554740e-001
  9.9116675e-001
  3.5922196e-001
  2.7599113e-001
  6.7811674e-001
  5.0876268e-001
  2.7685971e-001
  5.7884080e-001
  8.2283546e-001
  9.4145447e-001
  4.4431741e-001
  4.2322912e-001
  9.9619772e-001
  6.1411812e-001
  9.4406607e-001
  9.1208182e-001
  8.1497682e-001
  6.8963693e-001
  3.0865401e-001
  5.5819653e-001
  6.3675759e-001
  7.6908112e-001
  5.4031017e-002
  1.1483134e-001
  8.4599050e-001
  1.7238331e-001
  3.6982983e-002
  3.1255450e-001
  8.1728067e-001
  2.3463670e-001
  5.8744140e-001
  9.2418432e-001
  3.3004915e-001
  2.0554091e-001
  3.6448714e-001
  9.7571471e-001
  7.1689413e-001
  6.4330970e-001
  7.8256725e-001
  4.6648183e-001
  2.3227725e-001
  3.1787897e-001
  7.8879187e-001
  6.3444276e-001
  6.5978285e-001
  5.3758345e-001
  9.1921660e-001
  7.8050604e-001
  3.2670948e-001
  7.3874777e-001
  4.3773386e-001
  5.9179652e-001
  1.1450921e-001
  3.1916564e-001
  6.2185335e-001
  8.9455368e-001
  9.6358606e-001
  2.0063477e-002
  1.1065185e-001
  4.0302005e-001
  9.7195066e-002
  2.9304897e-001
  6.7870762e-001
  9.7979167e-001
  3.9943359e-001
  8.2088429e-001
  1.3161932e-001
  8.4489117e-001
  2.3272666e-001
  6.7154611e-002
  3.3145213e-001
  5.7523452e-001
  1.3681927e-001
  8.6779769e-001
  3.2926621e-001
  4.8800189e-001
  4.3153673e-001
  2.6054157e-001
  9.8300281e-001
  9.6569796e-001
  9.4851732e-001
  4.5172239e-001
  3.3169299e-001
  7.7594660e-003
  1.6583996e-001
  8.2816690e-001
  6.4340074e-001
  3.2227517e-001
  2.6369566e-002
  3.5544292e-001
  7.4388453e-001
  2.9866381e-001
  1.8122317e-001
  4.1519170e-001
  8.6734000e-001
  6.2493985e-001
  5.5202289e-002
  4.0409289e-001
  3.0196018e-001
  1.5231972e-001
  3.0916820e-001
  3.2582914e-003
  4.3740886e-001
  6.7641130e-001
  8.2291300e-001
  7.5584534e-001
  1.6263890e-001
  5.5204308e-001
  5.2509370e-001
  9.1935528e-001
  4.4190695e-001
  4.4802340e-002
  9.6458349e-001
  1.3462415e-002
  5.5202350e-001
  9.3429963e-001
  8.9860886e-001
  6.1798972e-001
  6.9992451e-001
  9.3909501e-001
  4.5208415e-001
  1.7667178e-001
  6.1676520e-001
  5.1838015e-001
  3.6449306e-001
  7.7330971e-001
  8.2827699e-001
  3.1839010e-001
  5.9597957e-001
  7.8181805e-001
  3.3592350e-002
  8.5697746e-001
  6.8261099e-001
  8.0185059e-001
  9.1769708e-001
  3.8810989e-001
  4.7198094e-001
  8.8058340e-002
  9.2510541e-001
  6.7847986e-001
  6.4103233e-001
  9.9590779e-001
  4.9954242e-001
  4.3005161e-001
  8.2916860e-001
  1.1669606e-001
  5.9868431e-001
  2.2122456e-001
  3.9867688e-001
  3.0115234e-001
  6.3354396e-001
  9.4498331e-001
  5.8708086e-003
  8.1659885e-001
  6.9088527e-001
  9.8098479e-001
  6.9739644e-002
  4.4954753e-002
  7.3995374e-001
  8.1912169e-001
  2.6084057e-001
  7.0401274e-001
  2.9647567e-001
  8.2291002e-002
  8.7538362e-001
  7.7451651e-002
  7.4098431e-001
  1.2507013e-001
  4.4371293e-001
  5.9248312e-001
  6.3634804e-001
  5.3273484e-001
  2.0871653e-001
  6.7372807e-001
  2.4190850e-001
  7.2052936e-001
  3.9996405e-001
  3.9403595e-001
  4.1150225e-001
  1.4974372e-001
  8.7823288e-001
  2.1755794e-002
  9.2383268e-001
  6.3261736e-001
  6.6915789e-002
  6.3267259e-001
  7.5374407e-001
  7.6966282e-001
  8.0803605e-001
  5.4333387e-001
  4.8508409e-001
  4.4121926e-001
  6.2649857e-001
  7.7783158e-002
  5.4406284e-001
  2.0909703e-001
  2.6999867e-001
  2.9168146e-001
  8.2222057e-001
  4.1149818e-001
  5.2695564e-001
  9.2020805e-001
  3.7913563e-001
  6.3889879e-001
  1.7373889e-001
  7.8580018e-001
  3.6563105e-001
  7.7694198e-001
  3.4214632e-001
  7.7417596e-001
  1.4783221e-001
  1.4824230e-001
  6.3905162e-001
  9.3372996e-002
  9.2878840e-001
  4.8513584e-001
  1.6324513e-001
  2.7634206e-001
  1.3097372e-001
  2.3220097e-002
  2.3129737e-001
  8.4525855e-001
  7.2635615e-001
  6.9468779e-001
  3.8310627e-001
  4.7984251e-001
  9.6707892e-001
  7.8353604e-001
  4.0973602e-001
  9.5736517e-001
  1.9697929e-001
  5.2934481e-001
  5.0419282e-001
  4.8340677e-001
  3.7761358e-001
  5.1971965e-001
  8.1576890e-001
  2.0862876e-001
  3.8879508e-001
  4.6142682e-002
  3.0480456e-001
  8.1383942e-001
  6.8209397e-001
  8.8243724e-001
  8.1798941e-002
  4.9482566e-001
  4.3033078e-001
  3.4545758e-001
  9.1365962e-001
  1.6017165e-001
  3.8786915e-001
  9.6721666e-001
  6.6724690e-002
  3.1672763e-001
  1.2672360e-001
  1.1580013e-001
  1.6435755e-001
  9.3947800e-002
  5.3213249e-001
  7.6240446e-001
  4.1749569e-001
  8.3552963e-001
  8.0472910e-001
  9.1711659e-003
  6.4471331e-001
  1.1235277e-001
  2.1570199e-001
  9.0928716e-001
  1.4467848e-001
  2.0747787e-001
  8.5064079e-001
  7.1310907e-001
  8.0424879e-002
  8.1869909e-001
  3.4895878e-001
  1.6254734e-001
  5.3975099e-001
  9.2332697e-001
  4.3712357e-001
  5.4012537e-001
  6.9835335e-001
  2.0543851e-003
  8.3660328e-001
  8.8942373e-001
  1.9751060e-002
  9.8419952e-002
  3.7415558e-001
  9.6747892e-001
  6.1958534e-001
  6.7003835e-001
  4.5616918e-001
  8.3803533e-001
  8.2309807e-001
  5.4211211e-001
  9.2391182e-002
  2.9527639e-001
  6.0223769e-001
  1.8283858e-001
  7.3317025e-001
  5.4889198e-001
  1.5616039e-001
  9.2507026e-001
  2.0215511e-001
  8.4485608e-003
  6.8911142e-001
  4.0096769e-001
  3.7958292e-001
  9.0318605e-001
  9.4335044e-001
  4.7397950e-001
  1.7760485e-002
  8.1995453e-001
  5.7388459e-002
  9.0127967e-002
  6.9665460e-001
  1.4714915e-001
  5.7578770e-002
  6.3357737e-002
  7.2282963e-001
  3.3708240e-002
  6.9571751e-001
  2.2117649e-001
  6.2538607e-001
  5.1329271e-001
  5.7570811e-001
  2.8724391e-001
  8.9268470e-001
  9.2592703e-002
  2.9248458e-001
  8.2189861e-001
  9.9401909e-001
  6.7816045e-002
  9.7308533e-001
  9.2278756e-001
  9.5873119e-001
  5.6316367e-001
  9.5052530e-001
  3.1822406e-001
  2.6589708e-001
  6.1084222e-002
  3.3276783e-001
  2.9242284e-001
  4.0248467e-001
  3.4112300e-002
  2.8746889e-001
  2.1962134e-001
  5.6592787e-001
  8.7009289e-001
  2.5498648e-001
  5.9181033e-001
  5.2269269e-001
  1.2914619e-001
  3.7760137e-003
  3.2581647e-001
  3.6076282e-001
  9.9403474e-001
  9.3996293e-001
  4.3413808e-001
  9.3550529e-001
  4.9683294e-001
  9.7107097e-001
  9.5767394e-001
  7.2072586e-001
  6.4796353e-001
  8.6260004e-001
  3.0909188e-002
  3.6587797e-001
  9.3820534e-002
  3.3464995e-001
  7.3275317e-003
  8.1552637e-001
  2.5009804e-002
  4.2420315e-001
  3.3802001e-002
  6.7670340e-001
  3.2795739e-001
  5.6006752e-001
  4.2480712e-001
  1.5010103e-001
  6.4363273e-002
  6.1644487e-001
  6.2900584e-001
  1.7663819e-001
  4.0791710e-001
  7.0613928e-001
  4.2979022e-001
  2.1093225e-001
  5.9098997e-001
  8.3720285e-001
  8.8828782e-001
  8.8560405e-001
  9.6290796e-001
  7.6963249e-001
  3.6794262e-001
  6.8135384e-002
  1.0889649e-001
  9.3682163e-001
  5.1105547e-001
  2.1127778e-001
  4.2110506e-001
  8.2953865e-001
  1.4246931e-001
  3.2163216e-001
  8.1790876e-001
  2.9338345e-001
  7.9951482e-002
  9.2830874e-001
  1.6677465e-001
  3.8677261e-001
  4.8601078e-001
  8.1087399e-001
  4.0570801e-001
  7.9502716e-001
  1.9377034e-002
  9.5665662e-001
  8.5491577e-001
  9.8631368e-001
  2.5069681e-001
  4.8251490e-001
  3.2461248e-001
  5.7401704e-002
  2.9096834e-001
  6.7607539e-001
  9.5215246e-001
  4.0272700e-002
  8.2161657e-001
  2.2362011e-001
  9.9969725e-001
  2.6052565e-001
  2.3028285e-001
  5.2508905e-001
  5.6067296e-001
  8.2602993e-001
  2.8846037e-001
  2.5271187e-001
  2.4024804e-001
  5.5149203e-001
  2.1533689e-001
  6.6549314e-001
  3.0886419e-001
  4.6977860e-001
  5.0580441e-001
  6.8838660e-001
  1.9286504e-001
  2.7356542e-001
  9.2632676e-001
  2.3474086e-001
  1.2798187e-001
  4.1261782e-001
  6.3472160e-001
  1.8154521e-001
  4.0323122e-001
  6.8876349e-001
  3.2589296e-001
  9.2328432e-001
  7.5713401e-001
  4.0111255e-001
  1.9610905e-001
  4.0027549e-001
  1.5447530e-001
  6.4571303e-002
  1.2034604e-001
  2.9341636e-002
  8.6518759e-001
  4.1419778e-001
  7.9193160e-001
  8.1639726e-001
  3.9531626e-001
  8.2594564e-001
  3.3762329e-001
  1.9735456e-001
  5.1007079e-001
  2.0988789e-001
  5.7998466e-001
  9.7921349e-001
  4.6712232e-001
  8.0211830e-001
  4.3294827e-001
  2.4118275e-001
  6.3462401e-001
  3.6718489e-001
  4.3145909e-001
  3.0192019e-001
  4.3217640e-001
  6.9052386e-001
  5.1228749e-001
  9.9137353e-001
  1.8407145e-001
  5.5896817e-001
  4.8704920e-001
  3.9748637e-001
  4.9284849e-001
  9.6884387e-001
  8.2703186e-001
  1.2838543e-001
  8.4226174e-001
  7.8947447e-001
  3.4483223e-001
  7.3849634e-001
  5.9510178e-002
  5.5864852e-001
  7.8271927e-001
  1.4076745e-001
  5.5765032e-001
  2.0544898e-001
  8.6049171e-001
  2.5735272e-001
  2.7763771e-001
  2.8816628e-001
  7.3477549e-001
  4.9701227e-001
  5.4673471e-002
  1.9128916e-001
  7.2456538e-001
  9.7366140e-001
  7.0448803e-001
  8.0152582e-001
  2.0624791e-001
  7.7266717e-001
  8.7269862e-001
  8.0738926e-001
  7.5662759e-001
  9.0461282e-001
  4.2099859e-001
  6.5840027e-001
  1.2965596e-003
  9.8200178e-001
  4.1231440e-001
  3.4759777e-001
  6.6817227e-001
  4.4367530e-001
  8.3986997e-001
  5.2951640e-001
  2.5714143e-001
  1.5629855e-001
  5.5781613e-001
  9.6130029e-001
  9.5127264e-001
  7.3486523e-001
  2.2255539e-001
  4.9663086e-001
  7.0241713e-003
  3.1619153e-001
  7.3841663e-001
  7.9033593e-001
  4.0028265e-001
  3.9988762e-001
  2.5169191e-001
  9.1911860e-002
  6.0220497e-001
  8.3244850e-001
  2.9348370e-001
  4.6553725e-001
  4.5526841e-002
  8.5722508e-002
  5.1314471e-001
  7.1542739e-001
  3.5435579e-002
  9.7957826e-001
  4.9744925e-001
  7.0074386e-001
  8.0312889e-001
  5.1667426e-001
  5.0269787e-001
  7.5473856e-001
  2.3810722e-001
  9.4307556e-001
  8.8625294e-002
  5.4300949e-001
  9.0345199e-001
  8.6132162e-001
  6.3147979e-001
  2.6236351e-001
  3.7901759e-001
  3.3732378e-001
  3.1459491e-001
  9.4710316e-001
  5.3517088e-001
  7.0195513e-001
  8.7503796e-001
  9.8624968e-001
  8.8530493e-001
  4.0484426e-001
  6.2714349e-001
  3.8545599e-001
  8.4786088e-001
  5.2684857e-001
  8.0740365e-001
  3.9349651e-001
  9.6173407e-001
  3.0120594e-002
  9.5372993e-001
  7.1438490e-001
  6.4654823e-001
  4.4665226e-001
  1.7462691e-001
  8.3524708e-001
  9.7009385e-001
  1.3497490e-001
  2.5098901e-001
  9.1000712e-001
  6.7646591e-001
  6.2316075e-001
  5.1221569e-001
  3.4827455e-003
  2.2688831e-001
  9.7845729e-001
  8.6125240e-001
  1.4385224e-002
  4.8577686e-001
  4.1640296e-001
  7.7290242e-001
  4.8814753e-001
  5.2256457e-001
  7.8204943e-001
  5.9122935e-001
  1.2639278e-001
  1.0971927e-001
  6.6290539e-001
  9.9709311e-001
  3.4618094e-001
  1.7605452e-001
  6.7888961e-002
  3.0939589e-001
  3.3475980e-001
  3.7616757e-001
  9.5220683e-001
  7.1932051e-001
  7.7934244e-001
  6.1765866e-001
  6.4923833e-001
  7.5628330e-001
  1.4783419e-001
  5.9945368e-001
  8.9860869e-001
  1.7193286e-001
  8.1892811e-001
  6.9293759e-002
  9.5568726e-001
  3.1733784e-001
  5.2011735e-003
  7.5993551e-001
  3.0867982e-001
  7.1525568e-001
  8.0947518e-002
  8.4587792e-001
  7.1837620e-001
  8.7039300e-001
  8.7215969e-001
  7.6156322e-001
  6.6945646e-001
  9.0202827e-001
  8.2146232e-001
  8.3265727e-001
  6.3991793e-001
  1.5620432e-001
  7.8316794e-001
  7.3140540e-001
  5.6473196e-001
  7.2334926e-001
  2.3973810e-001
  4.8985853e-001
  4.2360268e-001
  7.9567755e-001
  7.6340998e-001
  2.3888881e-001
  6.3510933e-001
  2.3154521e-001
  6.1593818e-001
  2.6850455e-001
  9.9121315e-001
  7.6031887e-001
  4.8216737e-001
  9.4520034e-001
  3.6073827e-001
  8.4391036e-002
  9.4851353e-001
  6.9082749e-001
  6.1550859e-001
  8.9497806e-001
  1.2538211e-002
  3.0091204e-001
  9.6508076e-001
  1.0209053e-001
  5.9602173e-001
  4.6897768e-001
  7.1732564e-001
  8.5887093e-001
  1.8559841e-001
  4.6237497e-001
  9.0329976e-001
  2.2104509e-002
  7.6040615e-001
  7.9585200e-001
  3.1385091e-001
  2.3582520e-001
  4.9445178e-001
  6.8525446e-001
  9.4463369e-001
  4.3931192e-001
  4.9743435e-001
  9.8617923e-002
  5.5443751e-001
  4.3569432e-001
  1.8126457e-001
  1.5381181e-001
  9.3372938e-001
  1.3626561e-001
  9.9854500e-001
  6.9062063e-001
  9.6104246e-001
  7.7550151e-001
  7.2413387e-004
  3.2547141e-001
  5.4410363e-001
  3.0650632e-001
  6.7270389e-001
  3.4571332e-001
  9.8059942e-001
  3.5396831e-001
  1.9515479e-002
  8.1275205e-001
  9.8281444e-001
  3.1183581e-001
  3.7890843e-001
  7.4802945e-001
  4.4283008e-001
  9.9891501e-002
  9.9262245e-001
  5.3626196e-001
  1.3454797e-001
  1.3130000e-001
  8.6399368e-001
  7.0827249e-001
  9.9824070e-001
  8.1575692e-001
  7.8223987e-001
  7.6361575e-001
  9.0497524e-001
  1.0312187e-001
  2.1171038e-001
  8.5108862e-001
  7.4296516e-001
  4.0507100e-001
  3.0504181e-001
  4.7419497e-001
  1.4473767e-001
  4.9434015e-001
  5.3012424e-001
  5.1024243e-001
  2.2746915e-001
  9.3499391e-001
  5.1769208e-001
  4.5926090e-001
  7.7673799e-001
  7.3380325e-001
  6.0238192e-001
  5.6929031e-002
  7.2003199e-002
  6.3568163e-001
  8.7633382e-001
  4.2747944e-001
  7.0840342e-001
  7.0190120e-002
  1.9065161e-002
  5.0830986e-001
  8.6940599e-001
  7.9854901e-001
  7.9923406e-001
  1.9611330e-001
  7.1437437e-001
  2.1500843e-001
  7.8650742e-001
  1.7214753e-001
  2.0614723e-001
  4.6447419e-001
  7.4526505e-002
  5.9658051e-001
  1.9099047e-001
  9.3481737e-001
  3.0751251e-001
  4.6189212e-001
  8.2975328e-001
  3.0013751e-001
  7.0961985e-001
  7.4601075e-002
  7.5021581e-001
  4.6890540e-001
  9.4491396e-001
  1.3973898e-002
  5.4198845e-002
  7.3844887e-001
  6.3556508e-001
  9.3097220e-001
  4.6096061e-001
  5.1288994e-001
  4.2448111e-001
  4.1591694e-001
  3.8823428e-001
  8.5553721e-001
  8.2301891e-001
  9.1391035e-001
  8.3604194e-001
  8.6808759e-001
  7.7558726e-001
  4.3192792e-001
  4.3609799e-001
  2.2430473e-001
  1.3184340e-002
  3.7596625e-001
  8.3856231e-001
  2.8624334e-001
  2.8412913e-001
  3.2708034e-001
  4.7620926e-001
  2.2598335e-001
  9.6200620e-001
  3.0645823e-001
  7.7892559e-001
  8.9534244e-001
  2.5372332e-001
  1.4575334e-001
  3.4149627e-001
  7.3313468e-001
  3.3863913e-002
  5.4423876e-001
  5.5844540e-001
  6.6968372e-001
  5.8392692e-001
  6.8590909e-001
  7.6598387e-001
  8.9766212e-001
  9.6678967e-001
  9.0579353e-001
  1.7857939e-001
  9.7848803e-001
  8.9798574e-001
  2.9361403e-002
  2.8202236e-001
  1.8790115e-001
  6.0875351e-001
  2.0935438e-001
  9.9773466e-001
  1.6761821e-002
  4.3962816e-001
  1.4839519e-001
  6.2144594e-001
  7.5436878e-001
  2.8059695e-001
  5.2717968e-001
  3.1244058e-001
  1.8174087e-001
  7.7925294e-001
  8.0950906e-001
  7.2331295e-001
  4.5309490e-002
  6.1329975e-001
  3.3521489e-001
  5.8386259e-001
  9.1317781e-001
  5.0127250e-001
  4.1750954e-001
  7.9945750e-001
  8.9060916e-001
  5.1335333e-001
  3.8972646e-001
  9.3063870e-001
  2.8273215e-001
  7.6993714e-001
  7.2758321e-001
  9.1460800e-001
  1.0612041e-001
  8.8893761e-001
  5.9504045e-001
  1.2079956e-002
  2.3831438e-001
  1.2362385e-001
  8.8078431e-001
  8.1323228e-001
  7.6333830e-001
  8.1038707e-001
  6.8225387e-001
  6.2480207e-001
  3.6807854e-001
  2.0278021e-001
  2.7505121e-001
  4.8154387e-001
  4.0019124e-001
  7.0229583e-001
  3.2136095e-001
  4.8453166e-002
  7.7748618e-001
  5.5340287e-001
  6.7749350e-002
  4.9617650e-001
  8.3610518e-001
  4.6093410e-001
  7.8002540e-001
  4.9174387e-001
  6.9571396e-001
  9.8506190e-001
  3.5317226e-001
  6.2199167e-001
  5.1589375e-001
  8.1503227e-001
  4.8906399e-001
  7.3145957e-001
  7.1057449e-001
  8.3441163e-001
  1.0924177e-002
  4.8377033e-002
  5.0126734e-001
  2.9168932e-001
  1.3792660e-002
  7.9417785e-001
  6.7282673e-002
  3.1017785e-001
  3.4000542e-001
  8.1677791e-001
  4.3728393e-003
  4.9381602e-001
  6.1344804e-001
  3.7408120e-001
  1.9830820e-001
  8.9506764e-001
  9.8684858e-001
  9.2178009e-001
  3.9441734e-001
  6.6228748e-001
  5.4010991e-001
  2.1107948e-001
  3.0532991e-001
  1.3402389e-002
  4.5619414e-003
  9.8778691e-001
  8.1179694e-001
  7.7040569e-001
  9.0328525e-001
  1.2377412e-001
  9.6079544e-002
  5.5146756e-001
  6.5175886e-003
  1.2569330e-001
  5.5779931e-002
  7.6267370e-001
  7.1401559e-002
  7.1823335e-001
  1.4040800e-001
  6.1569836e-001
  4.7150919e-001
  5.1035257e-001
  3.4504308e-001
  8.4757964e-002
  2.5580135e-001
  5.2557190e-001
  1.4053476e-001
  1.2047092e-001
  5.0273888e-001
  2.8591321e-001
  1.1196720e-001
  5.0004626e-001
  3.7790098e-001
  2.7055881e-001
  9.5669103e-001
  4.5806794e-001
  2.4502059e-001
  8.3045707e-001
  3.0317372e-001
  3.3219416e-002
  9.8755932e-001
  4.7977625e-001
  6.0353580e-001
  5.1624880e-001
  9.7726097e-001
  2.4719831e-001
  6.6819458e-001
  1.4673162e-001
  4.0512233e-001
  1.4205287e-001
  3.4424602e-001
  5.4993207e-001
  4.2431706e-002
  2.3195987e-001
  3.9879069e-001
  1.2069100e-001
  4.4263007e-001
  5.1452315e-002
  9.9664662e-001
  6.9437634e-001
  6.1502167e-001
  6.1715460e-001
  8.2973918e-001
  9.7928557e-001
  4.3743475e-001
  8.4621033e-001
  3.9708364e-001
  4.2037180e-001
  8.9198811e-001
  3.4566170e-001
  8.0841295e-001
  9.9427627e-001
  7.8106375e-001
  8.5180875e-001
  6.6061103e-001
  2.7211275e-001
  2.4084323e-001
  4.2592360e-001
  5.9755813e-001
  4.2004120e-001
  7.6752416e-001
  2.5691713e-002
  6.9279303e-001
  7.5343823e-001
  9.5355792e-001
  3.8732208e-001
  5.6156336e-002
  3.7534020e-001
  6.5751318e-001
  7.0176651e-001
  9.0736825e-002
  9.4798709e-001
  5.3484885e-001
  9.1024038e-001
  3.0931087e-001
  7.2489501e-001
  3.8345893e-001
  8.9887306e-001
  6.8438059e-002
  2.6499967e-001
  6.2456122e-001
  6.8027914e-001
  7.3690084e-001
  9.3298055e-001
  6.1467113e-001
  7.3830511e-001
  6.3652589e-001
  1.7013322e-001
  2.7233558e-001
  8.1244780e-001
  4.0326097e-001
  6.6008268e-001
  2.8605899e-001
  9.6138341e-001
  5.7655599e-001
  9.6662883e-001
  5.1392094e-001
  8.6422332e-001
  2.2532751e-001
  2.4345503e-001
  8.9882643e-001
  7.0919758e-001
  9.7514342e-001
  4.5956426e-001
  7.4177456e-001
  6.6896725e-001
  2.9612447e-002
  3.5035610e-001
  8.2066127e-002
  6.0837477e-002
  7.6009494e-001
  6.2783089e-001
  5.3046696e-001
  9.8926189e-001
  3.0296209e-001
  1.8070125e-001
  5.6925009e-001
  4.6657208e-001
  3.9222913e-001
  2.7406837e-002
  3.4147953e-001
  9.7634910e-001
  5.7693500e-001
  7.7064013e-001
  6.2641146e-001
  7.3304996e-001
  1.4934135e-001
  4.1464110e-001
  6.8984738e-002
  8.8419406e-001
  8.3199429e-001
  3.1521051e-001
  8.9805443e-001
  7.5309801e-001
  1.5254947e-001
  7.1541380e-001
  8.4163812e-001
  7.8345756e-001
  9.9782952e-001
  5.8611403e-001
  3.6078056e-001
  3.7390897e-001
  9.8722001e-001
  8.8720783e-001
  1.8563136e-001
  2.4413152e-001
  2.4686938e-001
  1.7381507e-001
  3.3430517e-001
  4.0622485e-001
  6.2377651e-001
  8.9800717e-001
  6.7916508e-001
  1.3154292e-001
  4.7288974e-001
  9.6744818e-001
  4.9876287e-001
  3.9708199e-001
  9.8822338e-001
  7.6832843e-001
  9.8314470e-001
  2.3927046e-001
  4.6654616e-001
  3.5349204e-002
  7.3714548e-001
  8.4969717e-001
  5.1669848e-001
  1.4358991e-001
  7.7698283e-001
  4.4745448e-001
  1.6546247e-001
  2.5657500e-001
  7.2933615e-001
  6.1305496e-002
  1.1327981e-001
  8.1464132e-001
  4.6151607e-001
  9.0879161e-001
  8.9631510e-001
  2.0697771e-001
  8.7409329e-001
  2.3729151e-001
  6.8430386e-001
  9.6012094e-001
  4.2657766e-001
  1.7417209e-001
  3.9737210e-001
  6.7093344e-001
  4.8506249e-001
  3.8259188e-001
  5.6352018e-001
  4.8988722e-001
  1.5511660e-001
  6.5114941e-001
  7.2699501e-001
  3.6745340e-003
  9.0914291e-001
  6.6186083e-001
  4.9639518e-002
  4.5222480e-001
  1.6409421e-001
  4.7067714e-001
  8.2346902e-001
  8.4998750e-001
  9.6422616e-001
  8.1268666e-001
  2.6439038e-001
  2.0635138e-001
  9.3221505e-001
  3.9333877e-001
  6.2371796e-002
  4.3803307e-002
  6.1397529e-003
  8.1711150e-001
  9.1518077e-001
  7.4164013e-001
  2.0382744e-001
  2.3421643e-001
  8.9849342e-001
  7.8775429e-001
  1.8297702e-001
  5.0573581e-001
  6.0984609e-002
  1.3528241e-001
  2.2241966e-002
  8.6982487e-001
  6.1412199e-001
  3.3914187e-001
  6.8566166e-001
  2.1738062e-001
  2.3143100e-001
  4.4221623e-001
  3.3387234e-001
  2.6650686e-001
  7.5499094e-001
  4.1629524e-001
  9.5046725e-001
  8.3657921e-001
  8.9587613e-001
  2.5528231e-001
  5.2110928e-001
  3.3675540e-001
  6.5618893e-001
  3.9484752e-001
  1.0067417e-001
  4.6191261e-001
  5.5635879e-001
  3.0232487e-001
  6.3076024e-001
  5.2429572e-001
  3.0888825e-001
  4.6309638e-001
  1.3258844e-001
  7.6104444e-001
  1.3492127e-001
  4.3113257e-001
  8.5927501e-001
  4.6698120e-001
  2.8622871e-001
  6.5266582e-002
  6.5701705e-001
  6.3026313e-001
  7.3153192e-001
  9.5490750e-001
  3.6932763e-001
  6.9402912e-002
  8.6752386e-001
  2.9466402e-001
  5.5337475e-001
  7.8215728e-001
  7.0176583e-002
  6.3335816e-001
  4.1112896e-002
  2.4230445e-002
  7.2174122e-001
  8.8578733e-001
  9.3718788e-001
  9.2471562e-001
  7.5631744e-001
  3.7741665e-001
  8.3418513e-001
  6.8664554e-001
  5.5520015e-001
  8.6161039e-002
  5.5476789e-001
  6.7940635e-001
  4.2750856e-001
  1.6290859e-001
  6.9348921e-001
  5.1917205e-001
  8.0054776e-001
  7.7844170e-001
  9.2803253e-001
  7.2621756e-001
  9.5381378e-002
  4.4929962e-001
  9.7660775e-001
  9.6894414e-001
  6.4527009e-001
  9.2747087e-002
  7.7203803e-001
  4.0397107e-001
  2.7970812e-001
  2.2644746e-001
  1.4480612e-001
  9.2794535e-002
  7.0272041e-001
  6.8121210e-001
  4.5763975e-001
  5.3234535e-001
  2.9834728e-001
  4.0299623e-001
  1.5246753e-001
  7.9020435e-001
  1.9856003e-001
  4.9447270e-001
  3.0326366e-001
  1.4794424e-001
  9.6401415e-001
  7.3690295e-001
  5.1874825e-001
  8.9828064e-001
  7.0700054e-001
  3.9481967e-001
  6.4219215e-001
  3.0433388e-001
  8.4839110e-002
  8.8541223e-001
  9.3974644e-002
  9.5121677e-001
  6.1818027e-001
  7.6057394e-001
  6.2072433e-001
  5.7923201e-001
  2.8085312e-001
  9.9764652e-002
  7.2156567e-001
  8.4143896e-001
  8.2125008e-001
  5.4356452e-001
  3.6440279e-001
  5.0093510e-001
  3.3039783e-001
  2.3054681e-001
  6.0492809e-001
  4.7341578e-002
  7.3654937e-001
  4.8773220e-001
  9.8577617e-001
  9.7847742e-001
  1.4230444e-001
  9.2895647e-001
  1.5826244e-002
  7.2773127e-001
  7.3375865e-001
  6.7948843e-002
  7.9748358e-001
  4.5330189e-001
  2.1071530e-001
  7.3525114e-001
  5.7739214e-001
  7.8945941e-001
  8.2745461e-002
  3.7577843e-001
  2.0095829e-001
  6.4573092e-001
  1.2387531e-001
  5.0752282e-001
  1.0556861e-001
  2.9104646e-002
  5.0676121e-002
  1.8272160e-001
  5.0966452e-001
  6.4761158e-001
  5.0958685e-001
  5.9918487e-001
  3.3641735e-001
  7.2349857e-001
  1.1806652e-001
  5.1983908e-001
  9.9516800e-001
  3.1334851e-001
  5.0580103e-001
  8.1978111e-001
  2.9870264e-001
  7.0859577e-001
  8.6949902e-001
  6.5647630e-001
  8.6219059e-001
  9.2659813e-001
  9.3873355e-001
  6.6571868e-001
  5.9772821e-001
  4.0452661e-001
  1.3402694e-001
  3.0195548e-001
  4.6032711e-001
  5.0327570e-001
  7.6293619e-001
  9.4427582e-001
  6.4984569e-001
  9.4637017e-001
  4.6371605e-001
  2.7117192e-001
  6.9388072e-002
  1.8738422e-001
  3.4903755e-001
  9.1430393e-001
  1.3763153e-002
  9.8752990e-001
  1.7402328e-001
  4.0295540e-001
  3.9926023e-001
  7.8565740e-001
  5.0588382e-001
  5.6237672e-001
  7.0123783e-001
  2.8537370e-001
  9.8663679e-001
  2.2431795e-001
  5.0095409e-001
  4.2991900e-001
  5.1600244e-001
  4.6858149e-002
  9.6465308e-001
  6.5766953e-002
  5.1001913e-001
  7.0539202e-001
  6.2490507e-001
  2.2749404e-001
  6.3067714e-001
  1.5315406e-001
  3.1078955e-001
  6.4931678e-001
  8.3557728e-001
  1.7702851e-002
  4.0440103e-001
  7.9951455e-001
  1.5958215e-001
  3.1242677e-001
  6.3107743e-001
  5.9102040e-001
  5.4479042e-002
  8.6948103e-001
  7.2798735e-001
  1.6556441e-002
  7.4408531e-001
  2.9167640e-001
  7.5648210e-001
  1.0374933e-001
  2.2742931e-001
  4.8794304e-001
  8.7326894e-001
  5.7907540e-001
  4.2129001e-001
  8.1327001e-001
  6.9527220e-001
  4.4129846e-001
  4.7069247e-001
  8.8142285e-001
  6.4512019e-001
  1.4623175e-001
  2.1238621e-001
  1.2596769e-001
  5.3609543e-001
  8.3985766e-001
  2.3990718e-001
  2.2331697e-002
  1.4833534e-001
  4.7569103e-001
  8.7802526e-001
  8.6320994e-001
  9.9612980e-001
  7.5732028e-001
  8.8576153e-001
  3.6868507e-001
  7.1595480e-001
  2.8571329e-001
  7.8948060e-001
  2.0542100e-001
  4.2984892e-001
  6.2883878e-001
  5.5934895e-001
  2.4634386e-001
  6.5652403e-001
  1.3232022e-001
  5.1340940e-001
  2.7399913e-001
  5.8734653e-001
  2.6843646e-001
  7.8427471e-001
  1.4861357e-001
  7.7329242e-001
  5.1991047e-001
  5.8671559e-001
  5.1897927e-001
  1.4056816e-001
  3.1591944e-001
  8.6127901e-001
  4.3344876e-001
  5.9469938e-002
  8.8586116e-001
  2.5598456e-001
  2.8755026e-001
  2.2394253e-001
  5.9122219e-001
  5.6433058e-001
  8.6594739e-001
  2.1964931e-001
  3.0123792e-001
  5.8705546e-001
  9.0204879e-001
  5.2374567e-001
  6.6875055e-001
  6.7688123e-001
  9.5292319e-001
  6.2393576e-001
  4.5789981e-001
  6.4776444e-001
  9.7886682e-001
  4.2144883e-001
  9.7578725e-001
  5.1860738e-001
  5.4289554e-001
  3.7912535e-001
  8.4916971e-001
  5.4558009e-001
  8.1514993e-001
  4.8574909e-001
  1.1619398e-001
  1.4343197e-001
  7.8468558e-001
  2.6893557e-001
  5.5675568e-001
  1.3570609e-001
  4.2453880e-001
  5.7632705e-002
  7.9681634e-001
  5.5951067e-001
  7.7135961e-001
  9.9501423e-001
  8.9561162e-002
  7.2132924e-001
  9.9732527e-001
  1.0808855e-001
  4.5675779e-001
  1.3305179e-001
  7.0383857e-001
  3.0627222e-001
  6.4320089e-002
  1.7377417e-001
  1.9250150e-001
  6.7035182e-001
  3.8706358e-001
  7.0268158e-002
  6.8104855e-001
  8.5615323e-001
  9.7097755e-002
  3.9186196e-001
  3.7595298e-001
  5.1551799e-001
  8.9426636e-001
  6.4182104e-001
  2.0327599e-001
  6.8881728e-002
  8.0014493e-001
  4.2305902e-001
  8.9231678e-001
  9.9190756e-001
  4.0087628e-001
  3.4068872e-001
  3.1674084e-001
  3.6428768e-001
  6.1573238e-001
  5.9745195e-001
  6.8523835e-001
  9.7382051e-001
  2.8032689e-001
  1.7396814e-001
  9.2190895e-001
  2.6024441e-001
  3.7506160e-001
  6.4474224e-001
  3.1646837e-001
  1.9241606e-001
  2.3317288e-001
  2.1984319e-001
  7.9438414e-002
  1.2387395e-001
  5.3758448e-001
  6.8886259e-001
  7.2011925e-001
  9.3880175e-001
  8.2237314e-003
  5.8168210e-001
  5.5634683e-001
  6.8937745e-001
  7.6095274e-001
  8.2429195e-001
  5.2769278e-001
  3.4151409e-001
  6.8287719e-002
  2.6404108e-001
  9.9416826e-001
  3.8544568e-001
  7.8625042e-001
  8.6961073e-001
  8.5195507e-002
  4.8370876e-001
  8.4455106e-001
  4.6583953e-001
  5.9923626e-001
  2.0815498e-001
  5.1705713e-001
  1.5800764e-001
  7.4437810e-001
  4.8907701e-001
  6.4964406e-001
  4.1755337e-002
  3.3481598e-001
  4.3335620e-001
  9.8590832e-002
  6.8092288e-001
  2.7123257e-002
  3.2084812e-001
  5.2480022e-002
  3.6955755e-001
  3.8387594e-001
  3.3587764e-001
  8.9068983e-001
  2.3813734e-001
  8.0958176e-002
  3.0149055e-001
  1.8002420e-001
  7.1616581e-001
  7.9026490e-001
  3.3132762e-001
  7.8161564e-001
  7.7665923e-001
  1.0469363e-001
  3.2897958e-001
  2.6110583e-001
  3.8839934e-001
  8.9737365e-001
  7.6677757e-001
  2.4429067e-001
  4.5464755e-001
  2.7235753e-001
  4.2318135e-001
  6.9898096e-001
  8.1743215e-001
  8.2547435e-001
  4.0326491e-001
  6.5159881e-001
  1.5243131e-001
  3.3990600e-001
  1.9285359e-002
  7.6829232e-001
  4.5787814e-001
  4.3557565e-002
  9.9561823e-002
  9.5692431e-001
  6.0880355e-001
  2.4674587e-001
  9.2951943e-001
  4.2992799e-001
  4.8975212e-002
  9.0487865e-001
  9.7823434e-001
  6.5778140e-001
  7.2696148e-001
  4.8863004e-001
  6.8578261e-001
  3.6294115e-001
  4.0099639e-001
  5.1435271e-001
  4.5510027e-002
  9.9135858e-001
  3.0960909e-001
  2.5647150e-001
  6.1010333e-001
  4.4698279e-001
  4.1843903e-001
  4.1184190e-001
  7.1405661e-001
  1.0277800e-001
  3.8017219e-001
  7.5245051e-001
  1.4917046e-001
  6.6088241e-001
  2.3694311e-001
  7.2761277e-001
  2.5853220e-001
  4.6951064e-001
  8.5751450e-001
  8.3341289e-001
  4.7597704e-001
  3.4013455e-001
  5.4221415e-001
  5.6150269e-001
  9.2521772e-001
  2.7439270e-001
  2.9564165e-001
  6.1254575e-001
  8.9063893e-001
  7.1444887e-001
  2.0150032e-001
  1.0816899e-001
  7.3803202e-001
  7.6202287e-001
  2.7897671e-001
  8.4521832e-001
  6.2438642e-001
  6.2167069e-001
  9.5489348e-001
  2.9541316e-001
  6.3182029e-001
  5.3129431e-001
  8.7116579e-001
  5.8445636e-001
  6.0263193e-001
  4.8815102e-001
  9.4264933e-001
  3.4652633e-001
  1.9969035e-001
  9.8099853e-002
  6.5211543e-001
  6.0596724e-001
  8.1107726e-001
  4.6175647e-001
  9.3719857e-002
  1.0269518e-001
  8.7454423e-001
  6.0755967e-002
  8.4723774e-001
  4.5410844e-001
  2.4818102e-001
  9.8858086e-001
  5.6431794e-001
  2.2053122e-001
  8.7750830e-001
  7.2756365e-001
  8.5308434e-001
  1.7767828e-001
  5.4030234e-001
  4.7218425e-001
  7.3239451e-001
  9.8059721e-001
  6.6682263e-001
  6.8313536e-001
  8.7539353e-001
  5.0769317e-001
  4.6789294e-001
  2.4484492e-001
  5.6602878e-001
  7.6072429e-001
  3.4516898e-001
  4.4754709e-001
  5.1578857e-001
  1.5734388e-001
  9.8087832e-001
  2.9875383e-001
  1.5460227e-001
  9.3573824e-001
  6.7386155e-001
  4.2791004e-001
  8.3280876e-001
  1.7132318e-001
  4.4064209e-001
  7.5244155e-001
  6.1549585e-001
  2.5416907e-001
  3.5040783e-001
  6.1301262e-001
  3.3772449e-001
  6.3599207e-001
  5.1660442e-001
  5.1953556e-001
  6.2644921e-001
  9.4918872e-001
  2.2348371e-001
  9.9464291e-001
  8.7740525e-001
  6.2594636e-001
  2.1187830e-001
  9.1554109e-001
  1.3425123e-001
  9.6806506e-001
  6.1990608e-001
  6.4077082e-001
  1.3569430e-002
  7.8953296e-001
  8.9955540e-001
  2.1781955e-003
  5.1633626e-001
  6.2442711e-001
  2.6518925e-001
  3.9898169e-001
  9.7762831e-001
  3.0370742e-001
  5.6675512e-001
  2.1612231e-001
  1.3540508e-001
  9.7862011e-001
  2.1433100e-001
  1.3578735e-001
  5.2663059e-002
  2.6463873e-001
  7.5732111e-001
  4.3569250e-001
  5.0665814e-001
  4.9472363e-001
  9.4209092e-002
  9.7121009e-001
  4.2490008e-001
  2.7019042e-001
  9.3525024e-001
  2.2074913e-001
  1.8961936e-001
  2.8059547e-001
  6.7405958e-001
  5.9820533e-001
  3.8884688e-001
  9.3584301e-001
  8.2694146e-001
  5.1275411e-002
  8.2770210e-001
  3.8780701e-001
  4.4573473e-001
  9.1715410e-003
  2.8018584e-001
  2.9201735e-001
  4.2988790e-001
  7.0133643e-001
  1.0357548e-002
  2.3699666e-001
  4.0147587e-001
  8.7691429e-002
  8.8354594e-001
  4.3651238e-001
  3.0879015e-001
  8.2425685e-001
  6.8749353e-001
  5.3041397e-001
  1.7758868e-001
  8.9701358e-001
  8.0996848e-001
  3.8912886e-001
  4.7899794e-001
  6.0740050e-001
  6.5190448e-001
  7.6252364e-001
  4.4770920e-001
  6.4298250e-001
  2.8058327e-001
  4.4328647e-001
  2.4820401e-001
  1.5161882e-001
  2.0652687e-001
  9.1416014e-001
  5.8260759e-001
  6.9330371e-001
  8.5649102e-001
  4.8647533e-001
  3.4273237e-001
  4.1864523e-001
  1.1871215e-001
  5.1856566e-001
  9.7158379e-001
  3.2907284e-001
  3.3916966e-001
  8.0187563e-001
  1.5969981e-001
  1.5924331e-001
  1.6366448e-001
  9.1434935e-001
  7.7501836e-001
  4.2988651e-001
  2.5915648e-001
  6.2238733e-001
  9.8524934e-001
  6.3692904e-001
  2.3306373e-001
  7.8449820e-001
  3.4049468e-003
  7.9740961e-001
  2.0765450e-001
  1.9953015e-001
  9.7757940e-001
  6.2307155e-001
  5.5215808e-002
  1.4229838e-001
  4.0784201e-001
  7.7815124e-001
  1.6276737e-001
  2.6205698e-002
  8.5135273e-001
  2.5292705e-001
  3.9515567e-001
  6.8728797e-001
  8.7098945e-001
  6.8098333e-001
  1.3919973e-001
  5.7698934e-001
  6.8441309e-001
  3.1619732e-001
  5.1183486e-001
  4.4610127e-001
  5.2018114e-001
  3.6603186e-001
  6.5230813e-001
  8.7155947e-001
  8.6797245e-001
  5.2980454e-001
  9.5931482e-001
  5.9101580e-001
  2.3313041e-002
  1.8223081e-001
  4.6746731e-001
  6.1341802e-001
  1.3965467e-001
  2.1177189e-001
  9.9007104e-001
  3.3004089e-001
  4.2583631e-001
  1.4625649e-001
  5.4573369e-001
  9.1977961e-002
  4.3495598e-001
  8.3677688e-002
  5.5491236e-001
  1.7825063e-002
  6.4410440e-001
  3.9226342e-001
  3.2663965e-001
  2.6481880e-001
  5.1027829e-001
  4.5550970e-001
  8.1037407e-001
  4.6732190e-001
  5.1850607e-001
  2.0308475e-001
  5.8064581e-001
  5.9769926e-001
  6.5656761e-001
  5.8148225e-001
  7.6384699e-001
  1.6355940e-001
  8.3975067e-001
  9.9631918e-001
  6.6013567e-001
  1.2325360e-001
  5.8713638e-001
  1.4623718e-001
  9.4972252e-001
  7.4198093e-001
  8.7260764e-001
  1.6459284e-001
  4.7378490e-001
  3.4663270e-001
  2.9811496e-001
  4.0178594e-002
  3.8160090e-001
  1.3193359e-001
  1.4298529e-001
  3.8195386e-001
  6.3681226e-001
  7.8034511e-001
  4.2786782e-001
  1.7124741e-001
  3.6668553e-001
  9.7781594e-001
  4.5930327e-001
  8.7413582e-001
  1.5208803e-001
  4.4245340e-001
  9.2079380e-001
  9.8038932e-001
  4.6354373e-001
  3.4449057e-001
  2.0944724e-001
  3.1621980e-001
  8.9784039e-001
  7.0640323e-002
  2.4792378e-001
  1.9858395e-002
  9.9685906e-001
  1.0013079e-001
  9.1886116e-001
  1.3400694e-001
  2.0504757e-001
  1.6415316e-001
  7.7705228e-001
  5.6014093e-001
  6.6511114e-001
  8.7356454e-001
  6.0982861e-001
  9.3883872e-001
  2.8557228e-001
  7.6489564e-001
  1.4932634e-001
  6.1937470e-001
  6.2320361e-001
  8.0835100e-001
  3.1785654e-001
  3.4857918e-001
  2.5357168e-001
  9.2149682e-001
  7.0348548e-001
  7.0622605e-001
  1.5061682e-001
  7.0373365e-001
  7.3794002e-002
  5.2523129e-002
  5.2362761e-001
  6.4954732e-001
  2.3338466e-001
  1.4013584e-001
  2.3758601e-001
  8.7417135e-001
  8.6073471e-001
  6.5160844e-001
  8.7414016e-001
  9.6368380e-001
  9.4655894e-001
  8.8632715e-001
  5.3767775e-001
  8.1316878e-001
  2.4250184e-001
  3.6394946e-001
  6.7753517e-001
  1.9708339e-001
  1.9451263e-001
  5.5038127e-001
  1.8382004e-002
  1.6101405e-001
  5.3516966e-001
  4.2810781e-001
  4.0708998e-001
  8.3226625e-001
  1.9270041e-001
  6.7993589e-001
  9.1832122e-001
  4.6193772e-002
  8.8085503e-001
  4.2238180e-001
  4.5568491e-001
  6.1738944e-001
  7.4270804e-001
  9.9598831e-001
  9.2794112e-001
  1.9108669e-002
  3.8122815e-001
  6.5699488e-001
  2.8218766e-002
  6.1152634e-001
  5.2393885e-001
  6.2293022e-001
  1.3944612e-001
  4.5124769e-001
  4.0916684e-001
  9.0893484e-001
  4.0113275e-001
  1.9073426e-001
  8.1660976e-001
  4.2254981e-001
  3.8578783e-001
  7.1608785e-001
  6.0526473e-001
  8.1816126e-002
  1.3040599e-001
  3.6786967e-001
  5.6006368e-001
  7.4018924e-001
  9.8245233e-001
  4.8577769e-001
  3.9021667e-004
  7.8165822e-001
  3.4716888e-001
  2.9588615e-001
  8.3152990e-001
  9.7953056e-002
  3.7384107e-001
  6.4026506e-001
  3.4075899e-002
  3.1938383e-001
  9.6165522e-001
  6.6639715e-001
  8.6492959e-002
  2.5556281e-001
  1.4274108e-001
  2.7729076e-001
  7.7644474e-001
  7.0798142e-001
  6.0292325e-001
  3.9418991e-002
  8.4568161e-001
  2.2974129e-001
  4.9506316e-001
  3.0064378e-002
  6.4794632e-001
  4.0044319e-001
  7.6751488e-001
  3.8386331e-001
  8.9140954e-001
  4.0779241e-001
  3.7683039e-001
  8.8449592e-002
  9.8257696e-001
  9.2169569e-001
  4.6190458e-001
  5.6146691e-001
  4.9338898e-001
  9.9397711e-001
  2.5675854e-002
  2.5951604e-001
  3.2716275e-001
  1.2287630e-001
  7.4593189e-001
  6.2936091e-001
  1.9659477e-001
  4.6376865e-001
  2.6595393e-001
  3.6218985e-003
  1.1575720e-001
  5.5891573e-001
  8.9226883e-001
  9.0120648e-001
  6.9988286e-001
  2.3377680e-001
  5.2950152e-001
  8.0476489e-001
  6.9981593e-001
  4.1074790e-004
  2.8507813e-001
  1.7078846e-001
  2.0323450e-001
  9.4680455e-002
  3.8673083e-002
  3.9336183e-001
  2.3343678e-001
  1.1261855e-001
  4.3347651e-001
  2.8210619e-001
  8.5469460e-001
  3.4810538e-002
  9.8238771e-001
  9.5518113e-001
  9.8439235e-001
  8.1880469e-001
  4.3289478e-002
  2.9207776e-001
  7.2229717e-001
  1.0440512e-001
  9.3539717e-001
  4.5876096e-001
  9.8713963e-001
  4.1396678e-001
  8.1014546e-001
  4.9806640e-002
  6.1615083e-001
  4.0299571e-001
  6.0171862e-001
  2.3143629e-001
  8.2995427e-001
  6.9324872e-002
  2.3250988e-001
  4.8689113e-001
  9.4959767e-001
  6.7938343e-002
  4.4411834e-001
  2.0850833e-001
  8.0784275e-001
  5.0448830e-001
  7.6843354e-001
  2.2238831e-001
  7.9974330e-001
  3.8283396e-002
  7.3192092e-001
  9.5497938e-001
  3.3302376e-001
  3.2746634e-001
  5.5920834e-001
  7.2859552e-001
  3.0466534e-001
  8.1776750e-001
  8.1140330e-001
  4.8641029e-001
  4.3211746e-001
  1.4046160e-001
  5.7542443e-001
  2.0306309e-001
  4.1762851e-001
  2.0396754e-001
  6.8557846e-001
  8.3105460e-001
  2.8437419e-001
  3.7204320e-001
  5.5677652e-001
  3.3791779e-001
  9.0304035e-001
  2.3445918e-001
  4.0382022e-001
  3.2610254e-001
  3.9517754e-001
  2.8036570e-001
  6.4222599e-001
  2.9106721e-001
  9.6593832e-001
  4.0557866e-001
  2.0977862e-001
  2.4010334e-002
  7.6460859e-001
  4.4122516e-001
  9.4861849e-002
  3.3752594e-003
  2.1350551e-001
  7.8774954e-001
  8.1923911e-001
  1.4835940e-001
  6.3627379e-001
  5.8334520e-001
  2.0607071e-001
  7.0551225e-001
  9.9745680e-001
  8.2383636e-001
  7.6838327e-001
  3.8938257e-001
  4.2247062e-003
  4.2944622e-001
  3.2761950e-001
  7.8529469e-001
  4.3527211e-001
  7.1043210e-001
  9.5075610e-001
  7.0725832e-001
  1.3809146e-001
  3.2397713e-001
  7.8888062e-001
  2.8772658e-001
  7.9780948e-001
  2.1478359e-001
  3.8541413e-001
  9.3274705e-001
  9.8351317e-001
  7.5120918e-001
  6.1969070e-001
  5.5625678e-002
  3.3853151e-001
  2.3973930e-001
  5.3426460e-001
  6.7698783e-001
  2.1995590e-001
  6.6287821e-001
  1.1935628e-001
  8.5371675e-001
  1.6792090e-001
  6.1446084e-001
  6.3657581e-001
  7.6937149e-001
  5.4586613e-001
  4.0755743e-001
  2.1247898e-001
  6.2753579e-001
  8.3186013e-001
  7.6269038e-001
  7.6332717e-001
  7.0135502e-001
  8.1795376e-001
  1.8777775e-001
  1.9689628e-001
  2.1162186e-001
  7.6618673e-001
  9.1398180e-001
  2.3086491e-001
  3.4705555e-001
  6.9893394e-001
  1.6883686e-002
  5.5850366e-001
  6.0621266e-001
  4.5008501e-001
  3.0408652e-002
  9.8917023e-001
  4.1021685e-002
  4.7635199e-002
  1.1400346e-001
  3.0955364e-001
  7.0970334e-001
  1.2329376e-001
  5.1246464e-001
  9.6192180e-002
  6.9359286e-001
  2.7506485e-001
  4.6215002e-001
  6.4314761e-001
  3.7450312e-002
  8.9467490e-001
  9.6599445e-001
  1.9458409e-001
  1.5393732e-001
  2.1778901e-001
  5.5474668e-001
  8.8927958e-001
  3.1827579e-001
  4.5164783e-001
  4.5211263e-001
  5.8875553e-001
  7.1331420e-001
  7.1349200e-001
  2.5502725e-001
  1.1495145e-001
  1.0858578e-001
  1.1591556e-001
  3.5124328e-001
  7.2716410e-001
  3.8185246e-001
  7.0474842e-001
  3.5851384e-001
  1.4653179e-002
  1.6509515e-001
  8.6507665e-001
  5.5794811e-001
  3.4603789e-002
  1.6725576e-001
  1.7043994e-001
  9.6544244e-002
  7.5592724e-001
  2.4338331e-001
  7.6278898e-001
  5.3882788e-001
  9.4783274e-001
  9.9047623e-001
  4.5730663e-002
  9.8375800e-001
  3.1829892e-001
  4.5323777e-001
  7.1667308e-001
  9.3348535e-001
  5.5035479e-001
  1.1762437e-001
  5.2440968e-001
  5.6260122e-001
  1.8892133e-001
  3.1068352e-001
  9.6023114e-001
  9.3932531e-001
  2.1730239e-001
  8.0566813e-001
  2.6795160e-001
  8.0905320e-001
  4.1288280e-001
  6.2333614e-001
  5.4796115e-001
  5.1466874e-001
  2.1360098e-002
  4.2811105e-001
  2.0208449e-002
  2.4228785e-002
  4.7605480e-001
  5.2681642e-001
  9.5527914e-001
  7.7398314e-001
  1.6049717e-001
  6.2156545e-001
  7.4741748e-001
  1.5327152e-001
  5.8534669e-001
  9.2990739e-001
  4.6979923e-001
  7.8339202e-001
  6.2237464e-001
  4.4168068e-002
  7.8569867e-002
  4.7115510e-001
  4.2581754e-001
  9.9023182e-001
  5.4645173e-001
  9.4266453e-001
  1.0885487e-001
  1.6795783e-001
  3.7050132e-001
  6.8495202e-001
  9.7959868e-001
  5.1914313e-002
  9.0711533e-002
  8.1055446e-002
  6.7872682e-001
  9.1693398e-001
  7.0480721e-002
  5.9246673e-001
  2.2796647e-001
  9.7460448e-001
  4.0217828e-001
  5.1544390e-001
  5.1014208e-001
  5.9353256e-001
  3.6774148e-001
  1.1226337e-001
  6.0874455e-001
  5.2743438e-001
  5.0725285e-001
  1.4064718e-001
  3.2273459e-001
  5.0980675e-001
  7.4557610e-001
  7.2610493e-001
  7.1298094e-001
  4.1917322e-001
  5.7959666e-001
  2.5516928e-001
  6.1044194e-001
  6.2304184e-001
  9.0273382e-001
  6.0667724e-001
  9.9530033e-001
  9.1851793e-001
  3.8838766e-003
  9.3266285e-001
  2.4042003e-001
  9.8414335e-001
  7.0575808e-001
  7.2880892e-001
  8.9488835e-001
  4.3998786e-001
  9.8324379e-001
  7.8279962e-001
  5.5459004e-001
  1.9841834e-001
  5.3078437e-001
  9.7875620e-002
  4.4150059e-001
  3.0920209e-001
  7.8764156e-001
  7.9448622e-001
  5.5715217e-001
  7.0150114e-001
  5.8365493e-002
  3.0008317e-001
  4.7596676e-002
  9.0831949e-001
  2.8704997e-001
  8.6284815e-001
  3.8970134e-001
  4.4265369e-001
  4.1870935e-001
  9.7891068e-001
  6.0167434e-001
  1.9724460e-001
  5.7566840e-001
  9.6685968e-001
  6.7584715e-001
  1.9555610e-002
  4.0792408e-001
  6.1400895e-001
  2.6234155e-001
  8.4138705e-001
  2.9141775e-001
  2.2317069e-001
  2.2593431e-001
  2.8323364e-001
  8.2920585e-001
  5.5251435e-001
  5.0736037e-001
  6.0303244e-001
  6.6154710e-001
  5.8661737e-001
  9.2239023e-001
  4.9919228e-001
  8.3855517e-001
  9.1945406e-001
  6.0602101e-001
  8.5554302e-001
  2.0485935e-001
  4.7803431e-001
  3.8120101e-001
  4.2415067e-001
  4.9744941e-001
  8.8425584e-002
  5.8208528e-001
  2.1103367e-002
  4.7230046e-003
  5.5408902e-001
  1.1201028e-001
  6.9820677e-001
  7.5106932e-001
  2.4984257e-001
  2.4914734e-001
  9.6420734e-001
  3.4777663e-001
  4.7394970e-001
  8.6097823e-001
  1.1160013e-001
  3.9428432e-001
  8.5327313e-001
  7.3934241e-001
  7.6248239e-001
  2.3546057e-001
  7.5702805e-001
  2.3215553e-001
  4.6085910e-001
  3.5379576e-002
  5.2422110e-001
  3.9923451e-001
  8.9943073e-001
  1.7143496e-001
  2.4718464e-002
  5.9218257e-001
  5.7021928e-001
  5.8246182e-001
  3.4133805e-001
  5.5955970e-001
  3.9767367e-001
  9.4568950e-001
  8.7650402e-001
  9.8844944e-001
  3.9136989e-001
  9.2011523e-001
  4.5750705e-001
  6.6164285e-001
  5.2144984e-001
  9.8290122e-001
  8.9966918e-001
  6.3020440e-001
  3.4682594e-001
  3.0583937e-001
  9.0123900e-001
  1.0659606e-001
  2.9631870e-001
  8.5155737e-001
  7.2941357e-001
  6.4278163e-001
  2.6818775e-001
  7.2812986e-001
  8.9220499e-001
  5.0992914e-001
  5.5308973e-001
  8.8086692e-001
  8.5625983e-001
  5.9954263e-001
  4.8224658e-001
  1.2008894e-002
  2.7878914e-001
  5.7412947e-001
  8.2792003e-001
  7.0457444e-001
  3.4185842e-001
  4.0202636e-001
  5.3890389e-001
  1.8974454e-001
  4.3469137e-001
  4.0868334e-001
  2.0563649e-001
  2.9339399e-001
  2.5612306e-001
  3.1261078e-001
  5.4867676e-001
  8.3081779e-001
  2.9749883e-001
  8.7716404e-001
  7.5488524e-001
  3.2523699e-001
  2.5811674e-001
  7.3412922e-001
  4.3744405e-001
  3.1245671e-001
  9.0365623e-001
  6.9507583e-001
  7.5679420e-001
  2.6664349e-001
  6.1122291e-001
  1.7228306e-001
  1.5187851e-001
  6.8394233e-001
  2.1795207e-001
  7.6368442e-001
  6.6946644e-002
  2.4018173e-001
  3.5421523e-001
  6.0765990e-001
  4.1287770e-001
  6.1612291e-001
  4.3182709e-001
  4.1589863e-001
  7.1580858e-001
  8.7649114e-001
  2.6224696e-001
  3.0436205e-002
  6.4332206e-001
  8.2455552e-001
  7.7862597e-001
  4.7525792e-001
  8.4327830e-001
  2.4259981e-001
  3.6996807e-001
  9.6464618e-001
  4.6905706e-001
  5.3292918e-001
  5.4038012e-002
  6.2228030e-001
  6.6517777e-001
  7.5952658e-001
  6.7550960e-001
  3.2714025e-001
  9.8433100e-001
  5.1226766e-001
  8.1737538e-001
  3.9452926e-001
  4.8187072e-001
  7.2286972e-001
  5.7923201e-001
  2.2247083e-001
  2.2592479e-001
  3.5537940e-001
  6.4207231e-001
  6.4302090e-001
  5.2142291e-002
  9.9251880e-001
  3.8785184e-001
  2.9905258e-001
  2.4755084e-001
  5.0369659e-002
  5.5421634e-001
  6.3911466e-001
  2.1286368e-001
  2.2643875e-001
  6.6482105e-002
  5.4694457e-001
  3.5045812e-001
  5.9355410e-002
  6.4700081e-001
  9.7309410e-001
  4.9363884e-001
  4.1259155e-001
  9.8025001e-001
  5.4696726e-001
  6.7806020e-001
  5.0923654e-001
  8.2935442e-001
  8.1668319e-001
  2.2017400e-001
  9.1488660e-002
  4.5258955e-001
  7.6619821e-001
  2.6305309e-001
  9.4327013e-001
  4.6381924e-001
  4.8944965e-001
  7.2768917e-001
  9.1306652e-001
  5.5377559e-001
  4.4682072e-001
  7.5780215e-001
  6.9147676e-001
  6.0204857e-001
  1.2232490e-001
  3.9084185e-001
  6.7622708e-001
  8.0587391e-001
  9.5587569e-002
  2.7687287e-001
  3.5233652e-002
  4.5439859e-001
  5.3261719e-001
  2.6594578e-001
  1.0268147e-001
  5.4912659e-001
  9.3576126e-001
  1.4365175e-001
  5.3984560e-001
  2.0507271e-001
  5.7583333e-001
  2.5319295e-001
  6.4982243e-001
  6.6928751e-003
  1.1036379e-002
  7.3433763e-001
  1.0051361e-001
  7.7505835e-001
  7.4577515e-001
  1.4992148e-001
  1.5118444e-002
  5.1430366e-002
  3.8356753e-001
  4.3908844e-001
  3.5858778e-002
  8.3521105e-001
  7.8223023e-001
  8.5824678e-001
  7.1281177e-001
  5.9459792e-001
  7.5037770e-001
  2.0573606e-001
  9.4799830e-002
  2.2074412e-001
  1.6001444e-001
  6.4039523e-001
  6.4073106e-001
  2.4897245e-001
  1.2653900e-001
  8.1493316e-001
  6.1430756e-001
  5.1418261e-001
  6.4683332e-003
  2.5275511e-002
  8.3447911e-001
  1.5185599e-001
  8.9887084e-001
  8.2052256e-001
  5.5133572e-001
  9.8722474e-001
  5.6296107e-001
  9.9542306e-001
  9.4765123e-001
  1.7219797e-001
  3.7309658e-001
  3.4966797e-001
  8.1948662e-001
  7.6601569e-001
  6.3922962e-001
  7.1706881e-001
  8.7727271e-001
  8.9256178e-001
  9.1126538e-001
  6.6863294e-001
  6.5924639e-001
  6.9975073e-002
  5.9637848e-001
